-3.072956045961836367e+02,-3.013507793787840114e+02,-3.067827757283633332e+02,-2.971231459925711533e+02,-2.708336185260123443e+02,-2.616576601997778653e+02,-2.732115625820938476e+02,-2.861357357856105068e+02,-2.823272618029823207e+02,-2.841592884501393996e+02,-3.047424059406221772e+02,-2.958631524536602910e+02,-2.539092537198794162e+02,-2.590699031517045796e+02,-2.700236826991112480e+02,-2.825528172327200309e+02,-2.957596281126836288e+02,-3.046564509799163147e+02,-3.176408222837748667e+02,-3.242417751498550729e+02,-3.295239645914335824e+02,-3.338216138080292126e+02,-3.334215255633869788e+02,-3.110640747462675790e+02,-2.875851012733220955e+02,-2.942045172277781830e+02,-2.861826877090538801e+02,-2.683228290509534304e+02,-2.729925580388558615e+02,-2.721505751612629069e+02,-2.765597787272209303e+02,-2.871414804266738088e+02,-2.960342309325806127e+02,-2.883058664004614684e+02,-2.712942192690225056e+02,-2.878010131217061485e+02,-3.180130852229391962e+02,-3.278027905470752899e+02,-3.243457448876199010e+02,-2.816085019604544755e+02,-2.585800097771489163e+02,-2.749777617691154887e+02,-2.931074059071875126e+02,-3.121439073762868475e+02,-3.475698562363689916e+02,-3.555483356808747999e+02,-3.383754662398654318e+02,-3.111118635145930966e+02,-2.804510980105974909e+02,-2.622166743698704181e+02,-2.504088936846233935e+02,-2.379986118562630679e+02,-2.366463291310950865e+02,-2.451931763004559173e+02,-2.551402592825782278e+02,-2.633096352194326641e+02,-2.708828706928220527e+02,-2.764781222629684976e+02,-2.790601709558214907e+02,-2.909498712413713406e+02,-3.067964787876503010e+02,-3.027865499910986387e+02,-3.025147513134016890e+02,-3.111366392657201914e+02,-2.827871680809827808e+02,-2.539351469057131965e+02,-2.361179414908378078e+02,-2.352132927346094391e+02,-2.327798776021061542e+02,-2.154866266210113963e+02,-2.057840213685152264e+02,-2.013335227280455513e+02,-2.051656446466252248e+02,-2.154572997449615173e+02,-2.229833730364985911e+02,-2.282021941943237948e+02,-2.315038242089038647e+02,-2.361809538204516628e+02,-2.373796881716465919e+02,-2.443398620724961745e+02,-2.546118425265902658e+02,-2.634865533474846870e+02,-2.709709805593803367e+02,-2.786679406264174759e+02,-2.842157330542759155e+02,-2.909678351453166556e+02,-2.963759332391243788e+02,-2.965026795964082567e+02,-3.045421421831363205e+02,-2.749977406412218670e+02,-2.433718849481580264e+02,-2.353450449564813027e+02,-2.372467498874938485e+02,-2.438627822248722623e+02,-2.506035926539754826e+02,-2.573158275097179626e+02,-2.600997501423524341e+02,-2.603422566585942377e+02,-2.673388516329353024e+02,-2.732272215373716335e+02,-2.763282744908645441e+02,-2.797614595515133260e+02,-2.949162847417040325e+02,-3.017326560460954283e+02,-2.941558760759031657e+02,-3.042469390203436888e+02,-3.123535959693418249e+02,-3.103840389691090991e+02,-3.161921499229210895e+02,-3.165669207464197257e+02,-3.240589924275207068e+02,-3.377358755112108497e+02,-3.187219347973376102e+02,-2.961619613154376793e+02,-2.844877739193843809e+02,-2.766285199405078856e+02,-2.836560967596576006e+02,-2.881041460941313517e+02,-2.941680237964034177e+02,-3.001421318315312305e+02,-3.055391302378056935e+02,-3.089452925117118980e+02,-2.960389465550178443e+02,-2.684913347687515284e+02,-2.619976177745750192e+02,-2.827582947685330623e+02,-3.028245386907353236e+02,-2.982969276599371824e+02,-2.603155436768162758e+02,-2.494936854322513398e+02,-2.578537490830123033e+02,-2.817482195898315354e+02,-2.729854614405142570e+02,-2.471111414549190783e+02,-2.245452814238501276e+02,-1.932336649270450835e+02,-1.894934849440745097e+02,-1.965439549450529739e+02,-2.051872687322281763e+02,-2.054390108081373967e+02,-1.900629857495535475e+02,-1.755641554766022239e+02,-1.634512214422837815e+02,-1.598898695440067854e+02,-1.614077569816283244e+02,-1.745054216932932718e+02,-1.839066796454292216e+02,-1.865798342513032821e+02,-1.863394990745483710e+02,-1.854341390312760325e+02,-1.887519126712465152e+02,-1.854031666810215597e+02,-1.870217085001260955e+02,-1.955007259085085138e+02,-2.050368217351785063e+02,-2.142565035356732039e+02,-2.167578016062407755e+02,-2.076496518496500130e+02,-2.086276157201290573e+02,-2.137961305581083025e+02,-2.072422341121974512e+02,-2.168401871626014099e+02,-2.134315936656461190e+02,-2.156746268721648505e+02,-2.130441283099287659e+02,-2.301887866297466587e+02,-2.468457952081104736e+02,-2.491163212625857568e+02,-2.602025747049409574e+02,-2.833901042063671980e+02,-2.464039114323353772e+02,-2.064426948756070317e+02,-2.161071764540664617e+02,-2.606934004949524706e+02,-2.544441324726695655e+02,-2.250600706683529779e+02,-2.262127970492380769e+02,-2.438721359849002965e+02,-2.491953611091435050e+02,-2.509688583227616050e+02,-2.427635048301340817e+02,-2.215742320416804318e+02,-1.922977119854377008e+02,-1.790728805982968197e+02,-1.804165116252309815e+02,-1.926789854658265995e+02,-2.030782575170848361e+02,-2.140449198529776140e+02,-2.243124373471897854e+02,-2.348052313073065136e+02,-2.451804396738234573e+02,-2.185433250569269887e+02,-2.211042180934748274e+02,-2.189454790767217389e+02,-2.027108093762795988e+02,-2.100679429765711177e+02,-2.264364198644560418e+02,-2.327496297334406563e+02,-2.264262665648545862e+02,-2.256173321755242966e+02,-2.546953138500222451e+02,-2.381412201299288824e+02,-2.374469805365649506e+02,-2.376381517537413970e+02,-2.450347316667472910e+02,-2.241600591412557151e+02,-2.133701292169600379e+02,-2.105801867952231987e+02,-2.136761714414911637e+02,-2.213978092348565099e+02,-2.405155522403953228e+02,-2.714970413874492579e+02,-2.273629245967555903e+02,-1.839779534538864709e+02,-1.677973054441549436e+02,-1.663185628696471099e+02,-1.619802803446255268e+02,-1.720193459544352379e+02,-1.684830181840933108e+02,-1.535820501709113728e+02,-1.565756007898435485e+02,-1.659617553293413721e+02,-1.724449196071671224e+02,-1.796849941412665714e+02,-1.889501371117548274e+02,-1.698297187977746887e+02,-1.592001219397384659e+02,-1.593491428462946260e+02,-1.503654562452718437e+02,-1.472290232240415833e+02,-1.434944989503330817e+02,-1.426030497920995401e+02,-1.453065634071030559e+02,-1.525204831430732213e+02,-1.636485635648569712e+02,-1.551443660650913046e+02,-1.536773886383004140e+02,-1.533882584814720076e+02,-1.545267592563054393e+02,-1.890614997834452140e+02,-2.079363992805431565e+02,-1.867924614194028550e+02,-1.710536896049616473e+02,-1.729990023674999122e+02,-1.849917720341751419e+02,-1.768429801355162283e+02,-1.683517566659798490e+02,-1.509723168394305901e+02,-1.424257669560857948e+02,-1.440634487976059290e+02,-1.631971850978012810e+02,-1.928702824791612329e+02,-1.709136308659418546e+02,-1.608117664443046806e+02,-1.599411969402233353e+02,-1.577270735464823872e+02,-1.787282525582367327e+02,-1.743931021150392837e+02,-1.607739569875825509e+02,-1.612544629530608802e+02,-1.633665187659811977e+02,-1.827889098124308589e+02,-2.114943636956961939e+02,-1.921897410153943895e+02,-1.872740468208751565e+02,-1.879204736254644672e+02,-2.018530277590324715e+02,-2.364934930459486679e+02,-2.214679990896430297e+02,-2.030767517492755019e+02,-1.948430718032802531e+02,-1.829760303740641518e+02,-1.661698940850659199e+02,-1.713086175444292678e+02,-1.703831088066023938e+02,-1.675871530981448245e+02,-1.669770918442615368e+02,-1.877919868662364422e+02,-2.051189728390162088e+02,-1.750869750054473002e+02,-1.715117785322673853e+02,-1.806646462790677958e+02,-1.951053130951414118e+02,-2.016837924826344590e+02,-2.002875008868463169e+02,-1.827993884893065797e+02,-1.654390384028062897e+02,-1.733186653766970267e+02,-1.843802097499799686e+02,-1.933841940093940650e+02,-1.989710145161780304e+02,-1.954046450804368362e+02,-1.809373354844191226e+02,-1.654608178361044395e+02,-1.640055740126869637e+02,-1.656210105071568535e+02,-1.673520755331090015e+02,-1.687108574999000439e+02,-1.717805870552198542e+02,-1.743730696384106693e+02,-1.729440027032993896e+02,-1.671353133059064362e+02,-1.611526003976217396e+02,-1.644092829136762646e+02,-1.679542076924079481e+02,-1.687827380443429774e+02,-1.742510602262371719e+02,-1.754947256570085585e+02,-1.802528563658598841e+02,-1.846003723628739124e+02,-1.857598354139015271e+02,-1.853626097916726394e+02,-1.797324060134043577e+02,-1.758094928005966153e+02,-1.829314892518417253e+02,-1.889522224210754473e+02,-1.871938452039692038e+02,-1.965736249971939174e+02,-1.941382814913689572e+02,-1.990044482077976227e+02,-1.948560737399652112e+02,-2.036405251071233522e+02,-2.002721032554513840e+02,-1.967222581285114700e+02,-1.930101886698649594e+02,-2.080019004825511786e+02,-2.044952308045719747e+02,-2.013217164457369677e+02,-2.009965736056626895e+02,-2.168300381521413271e+02,-2.175632741645411841e+02,-2.207878551207485316e+02,-2.189848158352124301e+02,-2.449603664526376861e+02,-2.716817207717225529e+02,-2.768058365303449477e+02,-2.758125484331309849e+02,-2.627677757321123977e+02,-2.645551423745029069e+02,-2.661466652902565215e+02,-2.581493990193547461e+02,-2.622874400977544838e+02,-2.913824907615372695e+02,-2.915747456587325246e+02,-2.637959465000483306e+02,-2.465108399263656054e+02,-2.382056109593596318e+02,-2.349027389041203264e+02,-2.448116537850870884e+02,-2.676574963143767718e+02,-2.955390796416921262e+02,-2.807825460872811050e+02,-2.171118597644451995e+02,-1.951405453734701894e+02,-2.188136780299838051e+02,-2.320849820467440452e+02,-2.245089546264324554e+02,-2.216088006023746004e+02,-2.226653058528380598e+02,-2.105744319840028140e+02,-1.905491193379739627e+02,-1.810949511376801695e+02,-1.755144343105501719e+02,-1.613562526755021338e+02,-1.516030422883655717e+02,-1.439536693646838330e+02,-1.557729976709525204e+02,-1.465120981047124360e+02,-1.376375556738476007e+02,-1.414218532587848642e+02,-1.412353546642566755e+02,-1.417089663707888008e+02,-1.658722432516187837e+02,-1.583613222865796217e+02,-1.563169918776930274e+02,-1.584152379104950796e+02,-1.643974719924990779e+02,-1.719880302829941456e+02,-1.616855949160560044e+02,-1.428018522705484656e+02,-1.418225860423129063e+02,-1.471747269300436187e+02,-1.395289808399353717e+02,-1.261859308656959797e+02,-1.169629681051851549e+02,-1.106662217234853642e+02,-1.152838425649096763e+02,-1.308266756378103253e+02,-1.535774918833557479e+02,-1.694477798795068395e+02,-1.550802523723938009e+02,-1.291195680178597058e+02,-1.151472144525591972e+02,-1.120411761645548978e+02,-1.115226949606011999e+02,-1.116733089912887067e+02,-1.177305400292295019e+02,-1.194219972326931725e+02,-1.232177034908446558e+02,-1.225821751292351820e+02,-1.215503668677621221e+02,-1.215022528156570729e+02,-1.291465597093627196e+02,-1.382837505212441442e+02,-1.549430863938702032e+02,-1.666157718543383908e+02,-1.629891935131325340e+02,-1.734751211471277372e+02,-1.729436872695782199e+02,-1.749044160710634799e+02,-1.713025664387166671e+02,-1.850930141981133659e+02,-1.848912291676447239e+02,-1.783972092202479871e+02,-1.770453793674140854e+02,-1.918208673532057560e+02,-2.040104268082005490e+02,-1.914839083717882033e+02,-1.876276918872804345e+02,-1.885191382754550489e+02,-1.964705807501477182e+02,-2.284380058603140640e+02,-2.197925043740221156e+02,-1.970776646311548745e+02,-1.918431722828694888e+02,-1.857740225344606131e+02,-1.884308371833288334e+02,-1.781149604297499991e+02,-1.585823676096691486e+02,-1.488328668474432561e+02,-1.389907303943694785e+02,-1.355493684227064080e+02,-1.382362203378357037e+02,-1.442359954783618150e+02,-1.385729603145069575e+02,-1.280459194048969778e+02,-1.215142611131793160e+02,-1.143664112994709541e+02,-1.118045708130126883e+02,-1.207573641167815879e+02,-1.069030834139224311e+02,-9.745396934060381966e+01,-1.018816859311949656e+02,-9.296832007826527899e+01,-9.950661759289062047e+01,-1.301943333898183255e+02,-1.576891494968720622e+02,-1.381070751695606020e+02,-1.287348361145350566e+02,-1.320750953522211546e+02,-1.267277178817593466e+02,-1.101792320523013302e+02,-9.983493106160203467e+01,-9.578630113449605687e+01,-9.812674855789249762e+01,-1.056417181460713977e+02,-1.124566660095427864e+02,-1.237520482391168599e+02,-1.185626372095345715e+02,-1.204509649738866699e+02,-1.149682402539772141e+02,-1.241721884738908273e+02,-1.138639723322744004e+02,-1.089341280231862896e+02,-1.175153027439736064e+02,-1.195026475362428187e+02,-1.231339885409428945e+02,-1.320684749709652976e+02,-1.404396785912856558e+02,-1.289573498532720635e+02,-1.274740148633773060e+02,-1.246617876699739611e+02,-1.226543079928762836e+02,-1.229875560312074612e+02,-1.268143659218161048e+02,-1.308707696505767899e+02,-1.291689896928627661e+02,-1.305599163572448163e+02,-1.308170061203026933e+02,-1.301015277061593736e+02,-1.196733725243405502e+02,-1.218370041826850922e+02,-1.378815457570147203e+02,-1.488741639860139401e+02,-1.551890616490004220e+02,-1.531362543459691778e+02,-1.516510665229356221e+02,-1.420426119158728682e+02,-1.484795550453671353e+02,-1.508368340334525328e+02,-1.772957166526311426e+02,-1.950808338734748588e+02,-1.931129181634937595e+02,-1.762348507461747431e+02,-1.622910581485606372e+02,-1.507201277682325724e+02,-1.541860091895831602e+02,-1.452091338840712069e+02,-1.380329392397782726e+02,-1.361107256176763087e+02,-1.477776946604734576e+02,-1.600536052664013198e+02,-1.478442629472200451e+02,-1.393394012558676707e+02,-1.580020143070326526e+02,-1.732674327453246974e+02,-1.753191290275153733e+02,-1.663740010109570164e+02,-1.682010549383037699e+02,-1.717075868669108445e+02,-1.703019914908750536e+02,-1.735026656917346202e+02,-1.859162321052142204e+02,-1.965211731996780316e+02,-1.890174728123980685e+02,-1.838292166985428366e+02,-1.831335790472547842e+02,-1.846195895555179334e+02,-1.950346172115655463e+02,-1.864096044564955150e+02,-1.790345016533161981e+02,-1.792524248343604825e+02,-1.833390770312901168e+02,-1.858999222934160116e+02,-1.942569197583987943e+02,-1.979314432262539754e+02,-2.039888289365891865e+02,-2.094602609695402577e+02,-2.096333856314545585e+02,-2.136598471309708032e+02,-1.989005981272676706e+02,-1.920590262533526982e+02,-1.984648279604149081e+02,-2.082187340374568123e+02,-2.245680874634572604e+02,-2.470988781187335803e+02,-2.498214320088045497e+02,-2.405355874681236799e+02,-2.405630225503490465e+02,-2.253602244559578196e+02,-1.996390192324726058e+02,-1.851133880008142114e+02,-1.963370562306991189e+02,-1.898252337921078663e+02,-1.925418709327423699e+02,-2.061028720393766207e+02,-2.050041674279587198e+02,-1.873718274212930908e+02,-1.832182437571576941e+02,-1.779048101479080799e+02,-1.755692336493647190e+02,-1.794238439243596872e+02,-1.867412508501526531e+02,-1.929680815537289504e+02,-1.945113266383571613e+02,-1.967577708130527583e+02,-2.072281634781903676e+02,-2.189189203387377347e+02,-2.081665005182129278e+02,-2.017107138025291420e+02,-2.077521658296118403e+02,-2.096980333216110068e+02,-2.293967373355303607e+02,-2.302651553573214471e+02,-2.115500317097941263e+02,-2.066732883126239813e+02,-2.029054541605778752e+02,-1.971622832004844383e+02,-2.304084254501339615e+02,-2.667710243985241618e+02,-2.104388110027215077e+02,-1.780921683799008690e+02,-1.724764462897613555e+02,-1.655393381485005193e+02,-1.596807360509791920e+02,-1.471357915803771164e+02,-1.445660108140599220e+02,-1.532730559038676290e+02,-1.610769176973012407e+02,-1.838494792069668335e+02,-2.219677289825451112e+02,-2.253657806547024336e+02,-2.159468559887210404e+02,-1.933683712195891644e+02,-1.771386851687546766e+02,-1.633755646867907956e+02,-1.554415543425970156e+02,-1.597275192730756430e+02,-1.579194811383183890e+02,-1.592768531313868436e+02,-1.688549420486565964e+02,-1.806378319765010758e+02,-1.498153978180018839e+02,-1.388952237762447623e+02,-1.702751032319081901e+02,-1.635687112224228770e+02,-1.551686840125024958e+02,-1.811021453934380645e+02,-1.909608585874086941e+02,-2.136834861335479445e+02,-1.850798669504265490e+02,-1.760563938533455257e+02,-1.903084479400380928e+02,-1.788022843584468831e+02,-1.914214465146966972e+02,-2.009519497213702266e+02,-2.054669882456040000e+02,-2.109053573234788246e+02,-2.125483925647212970e+02,-2.183588004332928847e+02,-2.277327351969292408e+02,-2.383752780408374292e+02,-2.458863926231874473e+02,-2.518195442860243247e+02,-2.325726334766747811e+02,-2.255252857907992166e+02,-2.488896807940760709e+02,-2.733376840587213223e+02,-2.622887419455032614e+02,-2.343720509644423942e+02,-2.035050160553833507e+02,-1.863276509439990605e+02,-1.793808435031766351e+02,-1.806281902583648389e+02,-1.823074855503901404e+02,-1.824099641069808797e+02,-1.746954349547063714e+02,-1.550084661111336857e+02,-1.227005926123748480e+02,-1.212272117459523884e+02,-1.192651337970893479e+02,-1.119133232302810796e+02,-1.180914453488435214e+02,-1.168607023709621018e+02,-1.200634873556462452e+02,-9.777469692119177580e+01,-1.028615733056797410e+02,-9.696714599181228778e+01,-1.022380559131826487e+02,-1.033036366056981024e+02,-1.026840642171343916e+02,-1.100983038115344499e+02,-1.005794114392488297e+02,-1.115420610296547039e+02,-1.232503291812480057e+02,-1.452722700443898134e+02,-1.613192221547517988e+02,-1.545284330060324578e+02,-1.536771244030437060e+02,-1.391833697785381503e+02,-1.171059189255230848e+02,-1.132906691023262340e+02,-1.143571242417261402e+02,-1.111631469788034394e+02,-1.041993152321325198e+02,-1.058276148946527684e+02,-1.114394267945214949e+02,-1.190662625320077836e+02,-1.243685542930281969e+02,-1.186832624642142662e+02,-1.208043583851252407e+02,-1.291465733886219596e+02,-1.351162199527559551e+02,-1.399660906246850800e+02,-1.351006758884920202e+02,-1.253279336523139449e+02,-1.194308239775358089e+02,-1.201735470199406848e+02,-1.294510321008130802e+02,-1.601957219711038363e+02,-1.728082324704807320e+02,-1.697032553925992318e+02,-1.513894920121576035e+02,-1.355680558258165433e+02,-1.311142247223032200e+02,-1.246600142340162449e+02,-1.190730751817251871e+02,-1.209559190632021739e+02,-1.203962338789454236e+02,-1.341842519113002652e+02,-1.328034192745896007e+02,-1.121992965906368909e+02,-1.093788786001464359e+02
9.071754447489858819e+01,7.900227411881513717e+01,6.597502355478025038e+01,4.799886135255500363e+01,3.442365887563332194e+01,3.212649112130610973e+01,3.807097611211305832e+01,4.316556539770015632e+01,4.629898312290518447e+01,5.053989456835884653e+01,5.324990288408940842e+01,5.262845826241746039e+01,5.609685459149694964e+01,6.013561398614337605e+01,5.685072234802933622e+01,5.476931989612106833e+01,5.884235660404621626e+01,6.991526045440134851e+01,7.809662367466923172e+01,7.643973295950715396e+01,6.783321439525437313e+01,7.142753353015478979e+01,8.599569357038639339e+01,9.170276255040606372e+01,9.935387216973954594e+01,1.179782327105983626e+02,1.201661947599667286e+02,1.140790901799369692e+02,1.146079579785619842e+02,1.135405025457629620e+02,1.141284830457832555e+02,1.187993049706663555e+02,1.220244650807655518e+02,1.197053071516268545e+02,1.102394086169669976e+02,1.118373478340658522e+02,1.205909551189758560e+02,1.212381328657496482e+02,1.261799362779315317e+02,1.115338034609852684e+02,1.019786067871108770e+02,1.061481086862969647e+02,1.127334894681963959e+02,1.260255497354946357e+02,1.498670163922417373e+02,1.676064715797486997e+02,1.642289770946328247e+02,1.487437732049725412e+02,1.277574578644477441e+02,1.133027117869737452e+02,1.198075222890979603e+02,1.228671793462459618e+02,1.203174059758868424e+02,1.170959063406721867e+02,1.134969162280608259e+02,1.152423829987069013e+02,1.141215863614996948e+02,1.173239765673042427e+02,1.204550875203884033e+02,1.199107920030286607e+02,1.178292633786774672e+02,1.144299138242148217e+02,1.102891429630279987e+02,1.135373484129261215e+02,1.173070818971625187e+02,1.157459974158234957e+02,1.151266568253097518e+02,1.183158628276516708e+02,1.295642224359963279e+02,1.297842774454444168e+02,1.247257561136030404e+02,1.156102275410992632e+02,1.160150431330882697e+02,1.200060129919241376e+02,1.175052809848880457e+02,1.136980624569000042e+02,1.163495793303982282e+02,1.150781611536024229e+02,1.182069672619436034e+02,1.198400122981846039e+02,1.179752238019811017e+02,1.160955825870627223e+02,1.149033125905449992e+02,1.114333968201975722e+02,1.091760831621952974e+02,1.097752805100523261e+02,1.054447690658186332e+02,9.867219962535803290e+01,9.283104001957121909e+01,8.073885863245965311e+01,7.311537663258846464e+01,6.957476732415990739e+01,7.137324115109547051e+01,7.561126196844918468e+01,7.728993059984915703e+01,7.550764823445430807e+01,7.289460633868273476e+01,7.298273052422784701e+01,7.454509501787858028e+01,7.917687165776169422e+01,7.889112922467431588e+01,7.848203399999785290e+01,7.903770298980549569e+01,7.856714230047424508e+01,7.571964901709588958e+01,7.459443042780013400e+01,7.549278120658702562e+01,7.600238835072856602e+01,7.607341649216029111e+01,7.827021324456819684e+01,6.791097517754906221e+01,5.997006612759626165e+01,6.894322798218989590e+01,6.765291123021179942e+01,6.162199916984689452e+01,6.266539394086679238e+01,6.499599227326537232e+01,7.230220747512217372e+01,7.540578329977000749e+01,7.191417026784938571e+01,7.138710674336164175e+01,7.250197998519975329e+01,7.805754038655271643e+01,8.170066956593625207e+01,8.662129108322520210e+01,9.146506612749722365e+01,9.459266625849073762e+01,8.551881847884209265e+01,6.860607781731333432e+01,6.296265972186690618e+01,6.500623314730704294e+01,6.920282551262184256e+01,6.790918103555209484e+01,7.257522557466582214e+01,8.287407267546134904e+01,7.078740482973506687e+01,7.139732120561680517e+01,7.418661722381700940e+01,6.737194352060838298e+01,6.225056984869303278e+01,5.954725423259910855e+01,5.993464104858613695e+01,5.497631141684859557e+01,5.115575383317151648e+01,4.908240778115689551e+01,5.958888701856582770e+01,5.476133919484808388e+01,5.054123769197782678e+01,6.060887419675945864e+01,6.288216152235573020e+01,5.502003968936959666e+01,4.776589681730023074e+01,4.018968682255536606e+01,3.597364910976887131e+01,3.461367646451374469e+01,3.757650342930444509e+01,4.601137428242227401e+01,6.016295533538374229e+01,6.960100143862175059e+01,7.881684753543989075e+01,8.274136112699466139e+01,8.099645156453784978e+01,7.739472012037585102e+01,7.030393541098783317e+01,6.853492481458681596e+01,7.152364866411207345e+01,8.292810496053250802e+01,9.040331292330499480e+01,9.266328448000770379e+01,9.908938824831750480e+01,8.090598743814615545e+01,6.275699173393898178e+01,6.587671645517491470e+01,9.657878649076853605e+01,1.031763226170066474e+02,8.513379668291405267e+01,8.209783740167968347e+01,8.703607773571771133e+01,1.029982674372888027e+02,1.194884024153904392e+02,1.260478864178881366e+02,1.202314427826769929e+02,9.906192238141288442e+01,8.927946673877137584e+01,9.086577507036280110e+01,8.870708464499197987e+01,8.508406790744139414e+01,8.672027121661713522e+01,9.276851251232535844e+01,9.077494371942775331e+01,8.020380532118937822e+01,6.829625091490547106e+01,7.158908316833107222e+01,8.641060122082349437e+01,8.739833040608647252e+01,9.151843056938706411e+01,9.321571442446526135e+01,9.145480960355115485e+01,8.485391480777322215e+01,7.721090480532392064e+01,6.876143846898166601e+01,5.068084005201926345e+01,5.013375585155238667e+01,5.926291033001344744e+01,7.076145195962699574e+01,6.960021579525918867e+01,6.039335901933340267e+01,5.470326974282171761e+01,5.406690125323026308e+01,5.663209782068715015e+01,6.408378350344349883e+01,7.825542083251042413e+01,6.751631515160630670e+01,7.728147884179558957e+01,8.735399222910103845e+01,8.203267558348571242e+01,7.731279618119499730e+01,9.064498738957948376e+01,9.114070919608498400e+01,7.885731448879576533e+01,7.919747140852786060e+01,8.251499355994116058e+01,8.527404182835329038e+01,8.740118248175409121e+01,8.116511356689815671e+01,9.067686924346648425e+01,9.122115288104821218e+01,8.713513427590369531e+01,8.876810827582322361e+01,8.545168950569457422e+01,8.073493856010786374e+01,7.970919464271069899e+01,8.059040492110538878e+01,8.209284024130661805e+01,9.840989462874972560e+01,7.363042027688767632e+01,5.752028694173834111e+01,6.169426917744492300e+01,7.452010736338867503e+01,8.539617221608763487e+01,6.458930755696383130e+01,7.376491998625206747e+01,8.286413013754852841e+01,8.218735731906845388e+01,8.437805407023718374e+01,8.298991313953477800e+01,7.194967389413680792e+01,7.312252093538214126e+01,7.638248433845345176e+01,8.055387503130100413e+01,9.174530707770492199e+01,1.001653267620580721e+02,9.425393128124825637e+01,8.019364354399480987e+01,7.194388285711045228e+01,7.733301441986729685e+01,8.939757830981847064e+01,8.078133791557448262e+01,8.117433353392470963e+01,7.177242576695900311e+01,7.249917853347285757e+01,8.798544272019280754e+01,1.098498017336455490e+02,9.208571580686184177e+01,8.737727457785973684e+01,9.404261870260633316e+01,8.591212908451100816e+01,7.989615357068274193e+01,9.818917318762829893e+01,1.124868808035257643e+02,1.011797035076609887e+02,8.460352117802561622e+01,8.335640797495156562e+01,7.911359997061035187e+01,7.585854598308641528e+01,7.085124377530043205e+01,7.450908881267511674e+01,7.528827612632913713e+01,4.702149068017364186e+01,5.707291926549297756e+01,6.396225149785189501e+01,7.258052494304060076e+01,7.735731912017979539e+01,7.579441473810155117e+01,7.513245328721608018e+01,8.439437077225281314e+01,7.582250448725686454e+01,7.190895645002751735e+01,7.514777769881115432e+01,6.921330611387512022e+01,5.387324456064057188e+01,6.111075021727794621e+01,6.429440769991177262e+01,7.408655353396866872e+01,7.263755767753005443e+01,6.684176716110684424e+01,6.675703805295231064e+01,6.704230734132505631e+01,6.275659466945874243e+01,6.429756634736430954e+01,6.517113938368446213e+01,6.749467147052020266e+01,6.477983516866345326e+01,5.895182497735316218e+01,6.147616149118435658e+01,6.035949225955136654e+01,5.927382549675917289e+01,5.864974015741100999e+01,5.630210400177259800e+01,5.902973144072397105e+01,5.694713670167172381e+01,6.331440155211291909e+01,7.359914794969436969e+01,8.405341106140883767e+01,8.563705619049956397e+01,8.477025662254314398e+01,8.537443714267395478e+01,8.747118138629824102e+01,8.906347168953523408e+01,9.018734830788783086e+01,9.346618120625886661e+01,9.307610998731310303e+01,8.871509550478091910e+01,8.682663111869794648e+01,9.005218488796728593e+01,8.830993365583960042e+01,8.656736768059057852e+01,8.557631395199176438e+01,8.799670778070785104e+01,9.553275940329167781e+01,9.612609153071304036e+01,8.395793169739209816e+01,8.728143682869543341e+01,9.317693331878460583e+01,8.750847238475837742e+01,7.876592699773415518e+01,7.182258828850210364e+01,6.904900935635467363e+01,7.744779297920609906e+01,7.548842773382037308e+01,7.489878355532502496e+01,8.192217431177360254e+01,9.120338642690143161e+01,8.146417916000881121e+01,6.786056509223736555e+01,6.332670219771453901e+01,6.094622445523049947e+01,5.525150032923766474e+01,4.616415903017003330e+01,4.224606363837185796e+01,4.816233553902176823e+01,8.733026829010935899e+01,8.270517522010240441e+01,7.368130974483064222e+01,8.258864731448896634e+01,8.735624888098466556e+01,8.989578207393778086e+01,9.268840932735760418e+01,8.077183253291858023e+01,7.328357801172926145e+01,6.425806524913106443e+01,6.174567224025349788e+01,6.906718553844528685e+01,7.592884512432843280e+01,7.074961547880555202e+01,7.012469488377487892e+01,8.367827461336675299e+01,7.695854231655798117e+01,6.594548048284678998e+01,6.393047866324805284e+01,5.967435383739015720e+01,6.240321919737152001e+01,7.232624192229363302e+01,5.808428816737965406e+01,6.474605451083422736e+01,6.968878919197989319e+01,6.771626289555699429e+01,6.672614957846157324e+01,7.154791088769248120e+01,7.462333949748175144e+01,8.264567234517497241e+01,7.948125289846093722e+01,8.749797855114184131e+01,8.902823335606126420e+01,8.272486420638919924e+01,8.177634044266045521e+01,8.886274465587649729e+01,9.319022756666403495e+01,9.093312253421389357e+01,8.358479870744902485e+01,8.513839680529420662e+01,8.542537149382098960e+01,8.131589215413070804e+01,8.065189862361350492e+01,8.281395313675245973e+01,8.147584321534742458e+01,7.930855850937395246e+01,7.684399936295454836e+01,7.671567878293031129e+01,8.355740849204063636e+01,9.105204689454937750e+01,1.007637667689133991e+02,1.072895548663114198e+02,1.119997110527971813e+02,1.155359052920006206e+02,1.104541677371945525e+02,1.098404641338970151e+02,1.109673585017596196e+02,1.105506262666972930e+02,1.044674857813196240e+02,1.033201469420695275e+02,1.064288235087569774e+02,1.136633911947645430e+02,1.159597909731685519e+02,1.119362982939117757e+02,1.112979170881891093e+02,1.114843715056118469e+02,1.004045507367375620e+02,9.856159582932006913e+01,1.030685068228381738e+02,1.036517933983195263e+02,1.164525272145551753e+02,1.194809054307396678e+02,1.091420237545611371e+02,9.212153708383168293e+01,8.916112100012044550e+01,9.215751008299679370e+01,1.128029470359681312e+02,1.234665339557369776e+02,1.235156771161287423e+02,1.225920426949195274e+02,1.210917889188883123e+02,1.168713919315663929e+02,1.150396931293467873e+02,1.146157445488962736e+02,1.175704136699174995e+02,9.737848089522398709e+01,9.174361158603572619e+01,9.743465190537298781e+01,9.369518773789141619e+01,9.260891219853098733e+01,9.175926213764000750e+01,8.544141186606826466e+01,8.289749458967951057e+01,8.813586053417738242e+01,9.518176827241235571e+01,9.678686106515939969e+01,1.021087982153468801e+02,1.052728403683714191e+02,9.563417729941379264e+01,8.832792519540026888e+01,8.458863554752606717e+01,8.394861018026139732e+01,8.315207167649077746e+01,8.189583968005182157e+01,8.599573728315814947e+01,8.684938548882894338e+01,8.734249884676661679e+01,9.008412632371266682e+01,9.066212647870598573e+01,1.018436323997936910e+02,1.048228163216245292e+02,1.157738595700327267e+02,1.190301866696557767e+02,1.176181264020003425e+02,1.135293116342596988e+02,1.136933349616238900e+02,1.159664855631061897e+02,1.149701055760684341e+02,1.121664533507678385e+02,1.162621516359137246e+02,1.204257541501663127e+02,1.232629581899584679e+02,1.169234200590263271e+02,1.084349411226813089e+02,1.079691243928465667e+02,1.082782762385409256e+02,1.045936716435977587e+02,1.049781394056793715e+02,1.090902790227171266e+02,1.085070683496108472e+02,1.075573040375659559e+02,1.081665170728033161e+02,1.137026186592400592e+02,1.136602887937539066e+02,9.809614686344438894e+01,9.716853532894474199e+01,1.000537579423726271e+02,9.234881284111990851e+01,1.019331057804257910e+02,1.188388606643649865e+02,1.374328533872915727e+02,1.246794052908660859e+02,1.201682379856323450e+02,1.088409975459378956e+02,1.005452312740238909e+02,9.130809360309754652e+01,9.342877026929352269e+01,9.712101451223368542e+01,9.481314991209207221e+01,9.113552364962059471e+01,9.694967580846687838e+01,9.895946928242240404e+01,9.768699156181288856e+01,9.939004920237411511e+01,1.001492813181295531e+02,9.652802037762596399e+01,8.732231804177492052e+01,8.950003756555557288e+01,1.013030532112170903e+02,1.045157480435673989e+02,1.026119627219720627e+02,9.854173441399575495e+01,9.306151993352771967e+01,8.466582367054996894e+01,8.634600219180744318e+01,9.021488318758049729e+01,8.820915354410487907e+01,8.386842184057803706e+01,8.513678386978628509e+01,8.830230447595269538e+01,8.733795278041000643e+01,8.632002114422220984e+01,8.396358644720724840e+01,7.798623178660386657e+01,7.691072717412797033e+01,7.586748462582511365e+01,7.515793127873112667e+01,7.183753843781563830e+01,7.107475264855617070e+01,7.908472129788060556e+01,8.128162381340408160e+01,8.220010488018766637e+01,8.351295305234796729e+01,8.615923109782701772e+01,9.994645097853239690e+01,1.090356646779192999e+02,1.048568892283277449e+02,9.632089423097301051e+01,8.133749867080193496e+01,7.113395932309495606e+01,6.714346157309752527e+01,7.039222110633308205e+01,7.408159480383001494e+01,7.313044051940468648e+01,7.140435423828701289e+01,7.687538274100960223e+01,7.603624321736313618e+01,7.121273155030630164e+01,7.306045655912849668e+01,7.813804246954187249e+01,7.922387423762722847e+01,7.829596423638024305e+01,7.830300913553745090e+01,7.897861816445833938e+01,7.138764733710803512e+01,6.279863500938507315e+01,6.223945326839655223e+01,6.845683215162929969e+01,7.504998188027828121e+01,7.893709432201248433e+01,8.696915229914274903e+01,9.253960028270567761e+01,8.736823796592977942e+01,9.946905345161232503e+01,1.022427334830991867e+02,8.591783902163433595e+01,9.031576283383063242e+01,1.050073081758169593e+02,1.046709821342416689e+02,9.140482465204568996e+01,8.288951651389260178e+01,7.066339211980265134e+01,7.010513191911698527e+01,7.834131234201051086e+01,7.968597108951746577e+01,7.852106014371085507e+01,7.946280626905354438e+01,8.035125140999296889e+01,8.993212795470286380e+01,1.215211551136315791e+02,1.342379233333148250e+02,1.178568124629549487e+02,1.076078518704227207e+02,9.789445628607839467e+01,8.278414638189948960e+01,7.808732390729680617e+01,7.909857302987158789e+01,8.701144779968063858e+01,9.313364591772862866e+01,9.385934234060806602e+01,9.064515487112869607e+01,8.142657256925065212e+01,6.771260039362583427e+01,7.251050861402333680e+01,6.947471896565527061e+01,7.264193759757750968e+01,7.867574715596494173e+01,7.607838076239883662e+01,8.627457767306312064e+01,8.257405196917866874e+01,6.872370005551962890e+01,5.928078348128224917e+01,6.680730166645906820e+01,7.032123783026956687e+01,7.626711788185369301e+01,7.654329280928988055e+01,7.652355317124428780e+01,8.430411005651443190e+01,9.045692420673753986e+01,9.549920089615750385e+01,1.010461076461349279e+02,1.043940333928700568e+02,1.043932331536027505e+02,9.731530422263529090e+01,9.546184644360745608e+01,9.420255887211681056e+01,1.024268237546317266e+02,1.113933174266740593e+02,8.634796248172646926e+01,7.826716359126108102e+01,8.940574482126234557e+01,9.903246800273983297e+01,1.036920199501119981e+02,1.161189435267577892e+02,1.189438981646864590e+02,1.129910440835022882e+02,1.010891768033042837e+02,9.119652899927389456e+01,8.213131862264343397e+01,7.818051237212391413e+01,8.676655148458125666e+01,8.561311457471508390e+01,9.196425589572807269e+01,9.442222198732065408e+01,8.516202951661023235e+01,7.790073973203982405e+01,7.819113174957293211e+01,7.385839540942836834e+01,8.218797878761573372e+01,8.113385571885272896e+01,7.867316811696650802e+01,8.367785951478499840e+01,8.022039992736635838e+01,7.579863740500601921e+01,7.235146570612042183e+01,6.247253051147047387e+01,6.684087551019963769e+01,7.549358134456198854e+01,8.519662299417998952e+01,1.007398222861579029e+02,1.068596546236222196e+02,9.589722597979722707e+01,9.338255149490534279e+01,9.336102507649873417e+01,9.030121275865397479e+01,8.994026418055652528e+01,8.513536262059760418e+01,8.002126803024448520e+01,8.415632391643281096e+01,8.302285621628934109e+01,8.162281290854757287e+01,7.764024909635240590e+01,7.448290797426231791e+01,7.853424141189290708e+01,7.952184926975994017e+01,8.092075495285268971e+01,8.020744451256861396e+01,8.108090529288820392e+01,9.881517256171811425e+01,1.116389797960341639e+02,1.052429915912475877e+02,8.976231604934832831e+01,7.077195966730290877e+01,6.335086141416430650e+01,7.182436865926273128e+01,8.001896519099938132e+01,7.908035017444220216e+01,8.028789737898006251e+01,7.833270465880754330e+01,7.879284722705824606e+01,9.188414284832521162e+01,1.071756462535679049e+02
2.209802750999010712e+01,2.149493447322009487e+01,2.433311256923144938e+01,1.693923715260729423e+01,1.497972914958009438e+00,-2.896803068851682372e+00,2.476373805612175627e-01,5.070714654105082708e+00,6.447539097215698511e+00,1.183304778189705075e+01,9.223598748991612695e+00,1.190768769895126411e+01,1.772297694345498087e+01,2.235510761888113151e+01,2.285989041390568488e+01,2.039453526432578556e+01,1.674027283929887133e+01,1.677267682926755299e+01,1.995220971013856825e+01,2.729861254796739445e+01,3.213478138983047216e+01,3.571017865776543232e+01,3.449727044984728508e+01,3.204172259579582516e+01,3.277301272595142478e+01,3.011875943039984804e+01,3.781742453153313477e+01,4.244060413125335174e+01,4.541525003290313833e+01,4.560619793542842615e+01,4.719474833125535440e+01,4.773937060308649905e+01,4.816546316889181867e+01,4.620339821385456247e+01,4.738012200776596217e+01,5.451180129530229834e+01,6.054600532199692964e+01,5.665587093136192465e+01,5.433940221931846537e+01,5.945209984724918684e+01,6.244105316276252893e+01,6.843570009338382931e+01,6.763013440262346876e+01,6.125829387307769025e+01,6.083584076824215003e+01,6.763461902183060204e+01,6.106349856192417747e+01,5.158315621448802801e+01,4.426269972140030973e+01,4.618542213293660836e+01,4.965806491073949047e+01,5.119636916609751864e+01,5.276882539562153340e+01,5.285368299249307000e+01,5.300822899024833390e+01,5.459859373213166833e+01,5.996385475152909805e+01,5.976191510751274905e+01,5.758411892123050535e+01,6.284473969103338220e+01,6.625157531114912501e+01,5.505863319804654310e+01,5.001084794065521777e+01,5.334772030401676801e+01,5.625762550617597668e+01,5.403600869757158165e+01,5.096287892307239531e+01,4.812257539385168315e+01,4.420394881754897654e+01,4.495536287010817489e+01,4.673420736634275841e+01,4.549491365761021200e+01,4.430022462018826701e+01,4.520586545480253449e+01,5.156508384574144088e+01,5.374799331981198947e+01,5.229265667693841380e+01,5.384055592424308401e+01,5.918480857256243155e+01,6.546108896356217599e+01,6.736340559627213054e+01,6.571417238857925724e+01,6.360511550325034591e+01,6.446000359160784399e+01,6.928547687667013122e+01,6.672469892399526259e+01,7.166985338862197352e+01,6.860401417367909005e+01,6.630446944588993574e+01,5.821487252586846495e+01,5.026268103346473026e+01,4.573039515971306912e+01,4.303189781835763483e+01,4.098523328690570366e+01,4.002826551724286475e+01,4.186939249609064007e+01,4.676651748834539291e+01,4.851549388684407660e+01,5.015115257996038878e+01,5.077388024568716673e+01,5.244003967924222565e+01,5.784554451238714279e+01,6.247046082977546178e+01,6.672485677772307611e+01,6.692899811884606720e+01,7.184222582522644984e+01,6.464342783003590398e+01,5.874792837572468329e+01,6.136401280889423049e+01,6.067398986626299973e+01,5.779623153457630025e+01,6.622817439590912159e+01,5.833781751296906748e+01,5.307502457262975781e+01,5.128682479998479238e+01,4.664269430428652186e+01,4.265850801389565561e+01,4.266825659838062279e+01,4.715793392117539895e+01,4.779287231206460973e+01,4.868015286761902871e+01,4.824559552710077526e+01,5.020545275347798508e+01,4.849009355385511100e+01,4.670462851521723024e+01,4.468824872553779670e+01,5.005116140330032692e+01,5.441344888141627223e+01,5.757846749921599638e+01,5.633275912246105577e+01,5.389269226772572807e+01,5.930562693710493249e+01,5.601097024578026407e+01,5.043791082384062463e+01,4.604020203763100483e+01,4.983302818794313538e+01,5.820258856058748620e+01,6.466324898146652345e+01,7.263897331814992242e+01,7.455582705447312719e+01,6.432701197415111949e+01,5.468427054291072409e+01,4.843798252883949829e+01,4.264778080912640235e+01,4.075761467176221231e+01,4.312839163396782993e+01,5.885955892372318488e+01,6.379076649942916788e+01,5.794358798870157301e+01,5.551729506783221524e+01,5.680185012902375519e+01,5.298508173782284558e+01,4.879425073189267437e+01,5.111395254688262924e+01,5.696162755202182382e+01,5.728623568203669691e+01,4.962032907898075962e+01,4.106130115198566699e+01,4.918256504466108225e+01,6.166837683998160458e+01,6.654217982932408404e+01,6.745243131031820383e+01,6.624961463287809238e+01,7.058133124217899024e+01,5.926076156129308004e+01,5.661367982976901203e+01,5.807449256598193443e+01,5.890496040100828168e+01,6.044334178879562103e+01,6.721851828552358654e+01,5.864871433105612653e+01,5.040662163442371480e+01,4.482450216017947042e+01,4.167319069667192366e+01,3.875999968848048383e+01,4.550704377411570789e+01,4.817945687193236637e+01,4.875038109188673019e+01,4.803507137538245786e+01,4.725195972057932181e+01,5.350123266281465106e+01,4.420027840276802067e+01,3.688529783378783833e+01,3.414224666358736471e+01,2.951466788936272678e+01,2.875659493826044866e+01,2.547955677451093237e+01,2.724238265619126764e+01,2.609501559242238500e+01,2.030807564435801638e+01,2.049096338023752395e+01,3.178207595873987401e+01,3.976367043517107902e+01,3.849107016941351134e+01,4.104345569656325665e+01,3.920919481310593824e+01,4.482057438010628658e+01,4.885171647527900518e+01,3.862104486757915112e+01,3.354532202881461700e+01,3.565796119672715037e+01,2.920327344674922188e+01,3.113100394730663112e+01,3.542505391742017906e+01,3.668866517632613267e+01,2.863917429973061957e+01,2.809636074880212675e+01,2.504683954144701730e+01,2.461228714879638702e+01,2.083776038996650470e+01,1.774430613344086893e+01,1.687724624032786380e+01,2.013934556587592084e+01,3.252872086871045099e+01,3.771481183863213715e+01,3.149564983154616016e+01,2.830082542768924014e+01,3.376777396853992030e+01,3.402858013311247731e+01,3.376769578475673228e+01,2.947638866882809339e+01,2.898123315567045921e+01,3.860426100526609616e+01,4.611423726776873622e+01,4.678927275175275469e+01,5.406439019427099879e+01,5.035665164173099129e+01,4.433988228013762978e+01,3.659865290205492983e+01,3.323849160469350039e+01,2.837772726147652946e+01,2.776451069739312771e+01,2.755618484532438117e+01,3.011540280223030663e+01,2.918547135538236859e+01,2.963128637707907842e+01,2.559981808576828044e+01,2.234847085526176613e+01,2.448037028853450536e+01,2.530245822445455417e+01,3.865922852874541604e+01,3.368033825473931842e+01,3.280008182881692136e+01,3.859863784134287101e+01,4.394216335893653280e+01,3.672631927016452380e+01,3.483876471714049217e+01,3.408624500262783386e+01,3.342999605547099407e+01,3.514799308932883548e+01,3.282826601652136844e+01,3.318505373371193912e+01,4.178400365228229418e+01,3.943439945662231594e+01,3.498051326995914678e+01,4.019006644764648684e+01,4.570942290414229348e+01,5.221326565384734408e+01,5.373188313286294715e+01,5.696421575658236236e+01,5.371564859362078437e+01,5.352890053153078043e+01,5.193447721452196220e+01,5.332683099379838865e+01,4.832208092253280540e+01,3.826359724709779186e+01,4.420456315572420181e+01,4.845930034475172477e+01,3.916613138055450349e+01,4.311380974923221743e+01,4.777117323386687531e+01,4.412176714611473471e+01,3.797004308202073730e+01,3.536897890275032097e+01,3.080426401686013804e+01,3.262000839029077781e+01,2.876267784678058348e+01,2.420789238293074419e+01,2.591496239080755615e+01,2.877745064974885736e+01,2.597408324893214271e+01,2.999754881887118785e+01,3.178301222012530047e+01,3.247044092513878155e+01,3.452180149807399090e+01,3.014993720540080346e+01,3.153628349454648117e+01,3.468050244016233563e+01,3.576784800706618483e+01,3.441174126685687185e+01,2.663222508335406502e+01,2.776966862805134895e+01,3.138754573066412945e+01,3.109611563292693859e+01,2.776801667071641333e+01,2.988805478893516465e+01,3.442407031892069114e+01,3.302378905265251774e+01,3.067196830306789934e+01,2.851876200589579824e+01,2.411216439183300864e+01,2.592133175166206271e+01,2.514441144447413379e+01,2.131536235915977784e+01,1.994344702842997563e+01,2.094079632769114951e+01,2.366727387623631529e+01,2.664627185808650367e+01,2.879285420963978837e+01,2.732101854713085487e+01,2.661701169865207817e+01,3.365424630389387772e+01,4.060852420981341027e+01,4.395552026360942222e+01,4.550999377679734437e+01,4.686196225364587775e+01,4.453333180294462323e+01,4.333745933203928047e+01,4.096001062994343300e+01,4.563786783099807565e+01,4.079426575361734564e+01,3.538259564700380366e+01,3.071156842098663731e+01,2.866705021286730215e+01,2.675809390463671633e+01,2.752417893763279721e+01,2.252035726396275805e+01,2.270325602785545982e+01,2.242388003262433926e+01,2.744557087402775863e+01,2.360054298596771716e+01,2.982418069707089359e+01,2.969733916925219575e+01,2.972367972463995756e+01,2.221791754195894697e+01,7.801093895141831602e+00,1.941875828215011879e+01,3.021956600971483198e+01,3.397115539867319001e+01,3.161378583644599161e+01,2.328989791129109221e+01,1.525553879363263832e+01,1.726879460853945147e+01,2.241015702343348082e+01,1.851064176217311896e+01,1.761061788823353069e+01,9.558293079615701515e+00,2.529191321054859554e+00,-5.164528427703218849e-01,5.564529674502311174e+00,1.242013655841573438e+01,2.127335693860168675e+01,2.077378702411620282e+01,1.943221986432733672e+01,2.343904263306425051e+01,2.496343844939244150e+01,2.856266548673000472e+01,3.361548095975747685e+01,4.496551800735981885e+01,4.411194299606110292e+01,3.579033024062826485e+01,2.774449944842558580e+01,2.217977342338825508e+01,1.343626650315281879e+01,7.279582601355626181e+00,5.079187469343465544e+00,5.693424941306925113e+00,1.686324757191569290e+01,2.878672279048680593e+01,2.734930552901819922e+01,2.692778036774917538e+01,2.595438326592502420e+01,1.269516483336491319e+01,1.481353168198893755e+01,2.305650109001964410e+01,2.575227997975923344e+01,3.053940142497366139e+01,2.844237022354056776e+01,3.196136983413203936e+01,2.866122892453396176e+01,3.115617582609171876e+01,3.754597450723275642e+01,4.012938608539929675e+01,3.722939108926807705e+01,3.327791295641735303e+01,2.583271346199085627e+01,2.564856922233913394e+01,3.604738625661979512e+01,4.930401526404009616e+01,5.869841421829837458e+01,5.184390099411443487e+01,4.745451238765442525e+01,4.370997313362805414e+01,4.162357395743129018e+01,4.190463806049822182e+01,4.069945896311914169e+01,3.814953916339054274e+01,3.308478269697423002e+01,2.837219451256733649e+01,2.766739331275191205e+01,2.888088310821720839e+01,3.619122992979517761e+01,4.167074025307852736e+01,4.338448313339495144e+01,4.584026732031557572e+01,5.078840569534983018e+01,5.062566223869232829e+01,4.905254541648216815e+01,4.457039771288462049e+01,4.572487291955944499e+01,4.224868857804580813e+01,4.541225399895738235e+01,4.613335421783440182e+01,4.150047349058908708e+01,3.808757541270966840e+01,3.605094851256689736e+01,3.648194145710386493e+01,3.944481247105353106e+01,3.662725838660622912e+01,3.504381391779503474e+01,3.338973544144171512e+01,3.234852456392963660e+01,4.138067934805515335e+01,4.552365665971592534e+01,3.955465272128878240e+01,3.612419859439727787e+01,4.171708640812957469e+01,4.599065473778806279e+01,3.986709715255000219e+01,3.698531574254749188e+01,3.501004006536834368e+01,3.661802626183641962e+01,4.010339607542929485e+01,4.237549032332194798e+01,3.382046846101820137e+01,1.614792374313373102e+01,2.821357721437360055e+01,2.560851926376714971e+01,1.797761955932386613e+01,1.720401326241336548e+01,1.837651290741738919e+01,1.767938981040006396e+01,1.871921365570143792e+01,2.141338407857399773e+01,1.675882737489827434e+01,1.853392949385587940e+01,3.747415530805784556e+01,3.267427211835012457e+01,2.672455423188498003e+01,3.136885703410010606e+01,2.590449040122252100e+01,2.407857252382763136e+01,2.240299568532315533e+01,1.886057253327774674e+01,1.618057503267925767e+01,1.865001331949590835e+01,2.256864124063967125e+01,2.503533438803767552e+01,2.827143727990488387e+01,2.943082702282799445e+01,3.012607877726963679e+01,3.714265261386285033e+01,3.143869942194748290e+01,2.258320382300597728e+01,2.271007298848784117e+01,1.956373827667758647e+01,1.988610401368552161e+01,2.278965175712814784e+01,2.223405760936202924e+01,1.836396547048141059e+01,2.697371738003085895e+01,4.150230840330998205e+01,4.792870080878584815e+01,5.109381259663813779e+01,5.139595810977342438e+01,4.680310435712186035e+01,4.637187374175810817e+01,4.686729996851907032e+01,4.617645662986075195e+01,4.349234341408413940e+01,3.727601137676642651e+01,3.396225690149454834e+01,3.560632594990120481e+01,3.309080881805864749e+01,3.249359272202973870e+01,3.556910404536990455e+01,3.878289810423574124e+01,3.913708651081692835e+01,4.040177645959170150e+01,3.558803862363440373e+01,3.612907009816149895e+01,3.585473063838273333e+01,3.381491542806510608e+01,2.937033079823954296e+01,2.819195919408075213e+01,2.545597568319806214e+01,3.230889725982992644e+01,3.207499375833960187e+01,2.357385045502544685e+01,2.347043112784256991e+01,2.525977360422864848e+01,2.724398328817071047e+01,2.726197900662189255e+01,2.859791453905432590e+01,2.964846250832223973e+01,2.884850588026835538e+01,2.332350738188096528e+01,2.840300727792611468e+01,3.029187460038971125e+01,2.953574186206439123e+01,3.230146592372538805e+01,3.421128697374372507e+01,3.311711978398079737e+01,2.802845295488278055e+01,2.456683416941542575e+01,2.940482762970470532e+01,3.090875705832788611e+01,3.120687026425409272e+01,3.119429930731282496e+01,3.002013621105895425e+01,3.118391118806911777e+01,3.257733132419361510e+01,3.150651074081364200e+01,3.174596230363444249e+01,2.980799492009047924e+01,2.833768171460322804e+01,3.240584358427761202e+01,3.216532582003969765e+01,3.057684784792063226e+01,3.321759058118499297e+01,3.208759028306553063e+01,3.241153492464058417e+01,3.527659115466146034e+01,3.006192649750076384e+01,2.808829027272792445e+01,3.648056138306509411e+01,4.549013254854450850e+01,4.542616320258261453e+01,3.468961188890384051e+01,2.960820238611498212e+01,2.536961485067307365e+01,2.425150076521445897e+01,2.889235781636850220e+01,2.988691848976634446e+01,3.020197722611161595e+01,2.810790130917115448e+01,2.651278967741659187e+01,3.042816551597299934e+01,3.565869850610725678e+01,3.901788969657616235e+01,4.013057146072347336e+01,4.061509396968411778e+01,4.601357049927760556e+01,5.047301803136344489e+01,5.086637476274969316e+01,4.600378929279879969e+01,4.424363053808218638e+01,5.170046817561546959e+01,4.655502018669078268e+01,4.778351730307701217e+01,5.306524956427480788e+01,5.543152109570832664e+01,5.766538913150720447e+01,5.192876442937755144e+01,4.143674410449552425e+01,4.232436617095227405e+01,4.529239950242139656e+01,4.323899998908475339e+01,4.520204513928199219e+01,5.077334133649798531e+01,4.073557094193350991e+01,4.055164355197647552e+01,3.169115560706911694e+01,1.980761060126231143e+01,1.817159949352861048e+01,2.139587902034705635e+01,1.663011572139497218e+01,7.758202631856147669e+00,6.871768212769729267e+00,1.160096853064283806e+01,1.535042271370267031e+01,1.927211164871206250e+01,2.117367638684491382e+01,2.009329074170055307e+01,2.441158197517837536e+01,2.504464155511060852e+01,2.247031020396068257e+01,2.301149107988954157e+01,2.601630674114498376e+01,2.374101579474717738e+01,2.335446163392705543e+01,2.506607859730716115e+01,2.216503737612561764e+01,2.986465144799393912e+01,3.789443988151376175e+01,3.017862601501714437e+01,2.463920108669107378e+01,2.525000318255796472e+01,2.755975881773784764e+01,3.345258421849936070e+01,4.118730580353206250e+01,4.114949952031583535e+01,3.348812237074833575e+01,2.532918687079777342e+01,2.885479869084117865e+01,3.068311309219778238e+01,3.020419584477062713e+01,2.880998651032073710e+01,2.824315501833324404e+01,3.160416668797973472e+01,3.338923999269553633e+01,3.247831980225400628e+01,2.962978654122125022e+01,3.537360002779693957e+01,4.118699292434424564e+01,3.653910635856438915e+01,2.644927038442227030e+01,2.984931081384784335e+01,2.729660466303163702e+01,2.940495512133954037e+01,3.225351877113433829e+01,3.489444281481834054e+01,3.436408323651001950e+01,4.184725623352498758e+01,4.963820805421292448e+01,4.124105523004446638e+01,3.371418664632681583e+01,3.076681608988072369e+01,2.689866352898416224e+01,2.036870217956169427e+01,2.356633488102790963e+01,1.937110371423794675e+01,1.244671948849486753e+01,1.464271562172691965e+01,2.422159300367337309e+01,1.365428548056957148e+01,7.060057442870616207e+00,1.032384261861400176e+01,2.502519880956989695e+01,3.180950900934429626e+01,2.059796147275869771e+01,1.582151363699830782e+01,1.222085034533659531e+01,1.248653462553524918e+01,7.780134530345523380e+00,1.394214084315039059e+01,2.727651623027340477e+01,2.513283407986420670e+01,2.375417443832056108e+01,2.826357192034939558e+01,2.934875711284821520e+01,2.590937414409540906e+01,2.723429476014803541e+01,2.561946915928330171e+01,2.197017001547076376e+01,2.005213335107733030e+01,1.979320911691590368e+01,2.712687854251812780e+01,3.050766142131695702e+01,2.328041892312742434e+01,2.520324782133270958e+01,2.573519892073453619e+01,2.621591851503838555e+01,2.721773370502036826e+01,2.745123689537707534e+01,2.666612195341802405e+01,2.610325586843201506e+01,2.550192077079549691e+01,2.661168110952721122e+01,2.580135881594332048e+01,2.095649050132107760e+01,2.186723404288191830e+01,2.373679538704072556e+01,2.440524563231474886e+01,2.455555777708668330e+01,2.398381074433638105e+01,2.292417892458171735e+01,2.645131139344253057e+01,2.694537512085040376e+01,3.168508832695895805e+01,2.652291881928674044e+01,2.596871357948704429e+01,2.776528089318019354e+01
4.434959523261849768e+01,5.325620738767437956e+01,5.857255781509479675e+01,6.611464807566152047e+01,6.824097529593059619e+01,6.670092227278659891e+01,6.998179753159834604e+01,7.530938005828437554e+01,6.901212707076990682e+01,6.015569297713970798e+01,6.647460500001993466e+01,6.115805680910446540e+01,5.397361859879453050e+01,5.684200879400771100e+01,5.967232542296701325e+01,5.793562589239754601e+01,5.776672409588206847e+01,5.435283107505478029e+01,5.525947888180578360e+01,5.923809359593042245e+01,6.305425827819338025e+01,6.673533429596059818e+01,7.035692201319102423e+01,7.468112553339955184e+01,7.889904470354076693e+01,8.083146439172743669e+01,7.610183138084791210e+01,7.243572997983180528e+01,6.698568318615262740e+01,6.348992061123475139e+01,6.090393038131219328e+01,6.165564621811269319e+01,6.634351323589834237e+01,6.046882866357372421e+01,5.863146075851457795e+01,6.107596612149436055e+01,6.652251590664495495e+01,6.551724761694012500e+01,5.551144853577795857e+01,4.939355540952847434e+01,4.806437636983032036e+01,4.550701307802539475e+01,4.370981840546389208e+01,4.339214682904864873e+01,2.918521597838809711e+01,2.590967556549883000e+01,2.626669257490484100e+01,2.885695504416435853e+01,3.629690202521900488e+01,3.912098941009564612e+01,3.818034258061607034e+01,3.777463664576703906e+01,3.939687685254393301e+01,4.228280890304630191e+01,4.371592332473460374e+01,4.283176504923995509e+01,4.200801788493939881e+01,4.111923204344761018e+01,3.928603099773614105e+01,4.208891690282500520e+01,4.412046327201250762e+01,3.855239006780757904e+01,4.195701722708255232e+01,4.592228851963038494e+01,4.536424630543643133e+01,5.076588501376472351e+01,4.956853362467781210e+01,4.523091247780761393e+01,3.653549009767162659e+01,2.846095967306445829e+01,2.869473443407012070e+01,2.694388610439817100e+01,2.588662054141465418e+01,2.917935879253615283e+01,3.095391933974218546e+01,3.276784048417987805e+01,3.218320604798385887e+01,3.245483099942875782e+01,3.386142201714209676e+01,3.790660307650861682e+01,4.153712284331453475e+01,4.360021268710316633e+01,4.313993727771411102e+01,4.300539339838732644e+01,4.044101538328611412e+01,3.812286815682875840e+01,3.929956836231155393e+01,3.482015744712671790e+01,3.672132567365824940e+01,4.190300236477020235e+01,4.127378966027343665e+01,4.275964914698433006e+01,4.596005647951270134e+01,4.531300572114609082e+01,4.280540633185431432e+01,4.281360451448799864e+01,4.242860576887489543e+01,4.400403727132297860e+01,4.332488062886302771e+01,4.394702492062026522e+01,3.849649344288918229e+01,3.533327781083616514e+01,3.648412080640717647e+01,3.775757897860683698e+01,3.656826661324289063e+01,3.913303509009734427e+01,3.865783936317212266e+01,3.524297439158125655e+01,3.086940213054089455e+01,2.973279377240727683e+01,3.772765676452287664e+01,4.575066949621167822e+01,4.541883385605395773e+01,5.271167669225469155e+01,5.060642782784281479e+01,4.758595565370790581e+01,4.719476646303780853e+01,4.714801425924253664e+01,4.362335376243358809e+01,4.520878599958897581e+01,4.551427848464042114e+01,4.235880747925684631e+01,4.339104847437686630e+01,4.059767063994866731e+01,4.572060801667237939e+01,4.937248119115592715e+01,4.710564058112456109e+01,3.838515957990718164e+01,2.754880257285322642e+01,2.801690231467646086e+01,3.268373125728042083e+01,3.271445561183917761e+01,3.371827458051475901e+01,3.431175806117107641e+01,2.963091812178943130e+01,2.431215870893193554e+01,2.013199562431476508e+01,1.659703705715203625e+01,1.930177620409604344e+01,1.805998908855448093e+01,1.862869469068262873e+01,1.061051737485918167e+01,7.055903432377359508e+00,7.643771411241545799e+00,7.865626462609894176e+00,1.027450699087823871e+01,1.529464342009263689e+01,1.732593059446580241e+01,1.495737694898156711e+01,1.211328353847153849e+01,1.284355711419436119e+01,1.085963207957662924e+01,9.404506777560721176e+00,8.342439883528479427e+00,7.152453030339110285e+00,8.952044997985563413e+00,1.476203216871194890e+01,1.748512248117551238e+01,1.965497581646097913e+01,1.952866544407644511e+01,2.256253871541782985e+01,2.597411048688671897e+01,2.658966911779561215e+01,2.552884488737259616e+01,2.438671526585191884e+01,2.349779382950152851e+01,2.047798841079851684e+01,2.203208769892737351e+01,2.676188731656214159e+01,2.573865948980328255e+01,3.165175302210725050e+01,3.344747273268924914e+01,3.149677606277928987e+01,3.572184144251210824e+01,3.725494186275119546e+01,3.230014842459165436e+01,3.241393832559781885e+01,3.256122907833432123e+01,2.209883488179432831e+01,1.428925728028617392e+01,1.658471700744923893e+01,2.431025095469397357e+01,3.159678180414788784e+01,3.446732630083108972e+01,3.812582623430873241e+01,4.384505760864802681e+01,4.603132548125402934e+01,4.611458198020800836e+01,4.649472117948157290e+01,5.040804408800979530e+01,4.783988789189631774e+01,3.884425408650480449e+01,4.249899168264497007e+01,4.188363519076657582e+01,4.032068794472159112e+01,4.214180947671382427e+01,4.327057533361754338e+01,4.428385049982106381e+01,4.398956645173812774e+01,3.996447761765188744e+01,4.030614139822174025e+01,4.096012077427249665e+01,3.933613262872449212e+01,3.890728686518747281e+01,4.322468492642018845e+01,3.602683642171872691e+01,3.161720541639076032e+01,2.993334993243187014e+01,3.024045537897888281e+01,3.088301016836622281e+01,3.316612207107161936e+01,3.348293452986924734e+01,3.393591009307742468e+01,2.911606649536503610e+01,2.249317679183276297e+01,1.907208947563990264e+01,1.730414909579226190e+01,1.992521391148776644e+01,1.755612011383858828e+01,5.148902365887638943e+00,2.489165044516061798e+00,4.282728228146849503e+00,3.843953785276615687e+00,6.950723873802938435e+00,9.407862135242064383e+00,4.467246691815812909e+00,4.562055289582584550e+00,8.040324510616185805e+00,1.551584800511655038e+00,-3.485756567779929149e+00,-2.787214647395315659e+00,-6.544632386551383352e-01,-7.945557564985571197e+00,-6.308700431134773190e+00,-4.163052219622529471e+00,-9.004193741713375942e+00,-9.093053945913379010e+00,-1.012473043979727194e+01,-1.580841728185720463e+01,-1.811678830392942174e+01,-7.871878955517270349e+00,-6.638452839669477079e+00,-7.123796034173971670e+00,-8.092038793204975988e+00,-8.641606433031432388e+00,-1.242126013822203667e+01,-8.528366327995005491e+00,-1.437414565535848343e-01,2.983461344485704991e+00,1.330905759419233503e+00,1.003063097122515179e+00,1.139162606593204785e+01,3.042437854453083901e+00,-5.044345293454511214e+00,-6.596677221681463088e+00,-6.078052847640511125e+00,-2.746203871579022682e+00,2.905896707609918472e+00,9.213775476853489632e-01,3.106328270064223407e+00,-1.563705666543058870e+00,-8.058992129072205302e+00,-4.740942230944113156e+00,-1.051101363921024934e+01,-1.214995982041932088e+01,-5.666487352971278035e+00,7.860166236000425410e-01,-3.141513357265625750e+00,-1.538063637990115318e+01,-1.116499222215576559e+01,-4.650884821917762313e-01,1.108245949285322673e+01,1.214177182678893629e+01,1.174148172814240176e+01,6.715053587002405955e+00,5.788485101076575212e+00,7.613342690860661399e+00,1.638255695164520276e+01,1.967288792522175100e+01,1.419109041443553920e+01,1.068963380701610610e+01,1.517553756905174112e+01,2.315267731252853167e+01,2.311145681247903383e+01,2.122074505401850075e+01,9.391592528040254351e+00,-8.054424132548902548e+00,-1.483179852406485644e+01,-1.387759422437524925e+01,-1.394288750171877034e+01,-4.120377206090167554e+00,-6.746110923222773614e+00,-3.957616860563569539e+00,-1.055024706829979131e+01,-1.303460022842273780e+01,-1.462520215272902924e+01,-1.760560417762854968e+01,-1.866695642520280174e+01,-1.934195758113656893e+01,-2.022956818498381892e+01,-1.831806125395925022e+01,-1.869614159331403869e+01,-1.649127851341366480e+01,-1.126842241987098880e+01,-1.196686813440469166e+01,-1.287665114562797619e+01,-1.488994492168890993e+01,-1.782885400100342821e+01,-1.669599588028530945e+01,-1.711863755335836501e+01,-1.571580039946115548e+01,-1.389369480214356223e+01,-1.073493769173091827e+01,-6.451741185013244895e+00,-4.347187228184883345e+00,-4.351357718839417466e+00,-5.733001020002702397e+00,-3.753342126660858646e+00,-6.390021130410288741e+00,-1.312533201502432156e+01,-1.552289402893051751e+01,-1.191362905005877515e+01,-1.233395619865449966e+01,-1.225211776607051384e+01,-1.430617595387383822e+01,-1.153067504564960366e+01,-1.011740712288536947e+01,-6.468501934382429930e+00,-6.104040092790049776e+00,-9.118562064809566436e+00,-6.848715094712969353e+00,-1.509110748877771302e+00,-3.352302762633681432e+00,-5.963992149917182850e+00,-1.542694379878122213e+01,-2.305402997128454246e+01,-7.275611723467942049e+00,5.075971831371238530e+00,2.621759107355748686e+00,8.930590935938111485e+00,1.427906630545849964e+01,1.932095813804376760e+01,2.915132023758484436e+01,2.757800220007447223e+01,2.269795364639996293e+01,2.435965838144289464e+01,2.043966120834516076e+01,1.976711213626377628e+01,2.154811841337016531e+01,2.259185450285541918e+01,2.833993697157025693e+01,3.673663226391371239e+01,2.201192087972206224e+01,1.943262968038719407e+01,2.470342202848786073e+01,1.735079479525041890e+01,1.241939669526834678e+01,7.413146069548518291e+00,1.091481572528233990e+01,1.825998081633194658e+01,2.564800229038792168e+01,2.582566137217634150e+01,1.541441800384513172e+01,4.204137585898593876e+00,-1.289211945745948329e+00,-1.377189298458793454e+00,4.474831383453963696e+00,1.276185044699143667e+01,6.369238229379791782e+00,-4.210618942783836083e+00,-6.314820459068945624e+00,-2.651051833237614730e+00,-3.010935497781883630e-01,7.282130744099016617e+00,5.139815299107699964e+00,-2.491143433260746498e+00,2.208466162437055402e+00,-3.167324221838035303e+00,2.127104356486583470e+00,1.507388536498960896e+01,1.788953666540174225e+01,1.600723389775155070e+01,1.310433275715898205e+01,1.204707890421377670e+01,1.481199178625488244e+01,1.436215578543217752e+01,1.218982644310150043e+01,1.247987624109749483e+01,1.516268943971783933e+01,2.339061030948887421e+01,1.918357011646800103e+01,1.771387254686601764e+01,1.963002368417098609e+01,1.974855241865668276e+01,1.487112680859178582e+01,1.146277878607108214e+01,1.182925059815217139e+01,1.171025343520097195e+01,1.293378334656160966e+01,1.041139252866652321e+01,6.973443887240484251e+00,1.265665517174279842e+01,1.492110703382227754e+01,1.567956705268823292e+01,1.571973149576213302e+01,1.934268983392209407e+01,1.670186642588141268e+01,1.546656810183569775e+01,1.535091712607551884e+01,1.596419312558975356e+01,1.331358136975912210e+01,1.514288096474948908e+01,1.675412345939995973e+01,1.385749472889672163e+01,2.088182235034221179e+01,2.338694405429689382e+01,1.450122514542444030e+01,1.086587499203330687e+01,3.720051489887384211e+00,2.350821569600280991e-01,4.745813840003785700e+00,9.758636107029689200e+00,1.094375217723989913e+01,2.036514445375499527e+00,1.112079358841455345e+01,1.515377005398932297e+01,1.436904302099766362e+01,6.615181969480340207e+00,-2.598245403030477796e+00,-8.195633410673785590e+00,-1.306026051675446986e+01,-1.536289032408841670e+01,-2.156747263940712145e+01,-2.476788111056614738e+01,-2.468306843088609526e+01,-1.719423405020542717e+01,-5.828176391026037351e+00,-6.684168429142729906e+00,-9.377110916228751591e+00,-1.027717639489761403e+01,-1.130576815239465205e+01,-1.663438562559070988e+01,-1.772977491905723113e+01,-1.602750852453143082e+01,-1.941768480911117578e+01,-1.240376672065021957e+01,-1.972616517406571646e+01,-2.896101825743194880e+01,-4.219809065759607591e+01,-3.326133310937786547e+01,-2.345067782825483960e+01,-1.549331343675471828e+01,-1.807630307530907743e+01,-2.743242216577617754e+01,-2.880877738079338357e+01,-2.741104668404141265e+01,-1.884126856656123294e+01,2.102100490948689782e+00,-3.169472305638405540e+00,-1.012503439779572112e+01,-1.455836102757027639e+01,-1.789670503902148369e+01,-2.225714419975649605e+01,-2.311859885695609051e+01,-2.272014390779432702e+01,-2.307321165299280707e+01,-2.637895640464899216e+01,-2.441395595897051862e+01,-2.454573772511858465e+01,-2.340225481664989360e+01,-1.622612020991725501e+01,-9.617143681660746068e+00,-1.806842037921360955e+01,-2.080778357018649416e+01,-1.569430988623156686e+01,-1.223073043353086575e+01,-1.792723661554709480e+01,-1.680669848130041188e+01,-2.090869914953966102e+01,-2.216863775945332193e+01,-1.566246939761513701e+01,-1.621349094122654932e+01,-1.197360548952076797e+01,-1.976615991834783159e+01,-2.103452049156441106e+01,-2.437634367175768446e+01,-1.354095823831638157e+01,-1.328899456504242238e+01,-1.014417057633488639e+01,-2.008696163207997998e+01,-3.013398094773776847e+01,-3.748977739638879569e+01,-3.200812260338441462e+01,-2.699700537695433766e+01,-2.205208858462515664e+01,-1.438111094354090902e+01,-1.302969759872001099e+01,-1.012292350091478887e+01,-8.349986895951959198e+00,-1.158157130280696734e+01,-1.418005417486441111e+01,-1.601276572229207673e+01,-1.637062166695485388e+01,-1.062826493473570544e+01,-3.470281502796095374e+00,6.921395155408344380e+00,5.556782323745445673e+00,4.189910973790254012e+00,6.401926201389706250e+00,1.580973316453370003e+01,2.319077600323715060e+01,2.339678970975769445e+01,1.731281991543689358e+01,1.396125817937897651e+01,1.196898711115825265e+01,2.407271298170732265e+01,2.733944436283975321e+01,2.570067566039942264e+01,2.159327119277709883e+01,2.880856584709380286e+01,3.669526738479536476e+01,3.682517906984302414e+01,3.500678422063181472e+01,3.178201036716084005e+01,2.754377880023777436e+01,2.516122810655212305e+01,2.410246856721036579e+01,2.483065048448718670e+01,2.664364762012889187e+01,2.586253833898028631e+01,3.006305782678918348e+01,3.159742077125654092e+01,2.598526137822695148e+01,2.336011294117764692e+01,1.951121032832699953e+01,1.193575087469204377e+01,1.305120168188223140e+01,1.704759886176961459e+01,2.817659030805811327e+01,4.104850785950286252e+01,3.627431689739695031e+01,3.523895420300428327e+01,4.567323580314326392e+01,4.635981596052438647e+01,4.193893254567609574e+01,4.529354623796926660e+01,4.276568674690054195e+01,3.459440402111619761e+01,4.131654393904462097e+01,4.431642974502520360e+01,4.236847539763241599e+01,4.357772075139887846e+01,4.339282302705002792e+01,4.797228187468073202e+01,4.608958466034605550e+01,4.222432606941735145e+01,4.172943375162287083e+01,4.011863722305189839e+01,3.583607335986296505e+01,3.186857192006366901e+01,3.857651516899746724e+01,4.145332142456719282e+01,3.759287470715587176e+01,3.038012007871318687e+01,3.082375546273850730e+01,3.100188443303594710e+01,2.586482754659609284e+01,1.885274263514488879e+01,2.119794035189149994e+01,3.373655270003207107e+01,2.200484341094253438e+01,1.449856388814722052e+01,1.369206746015469633e+01,9.979463809119843987e+00,6.570767742671944411e+00,1.493836845474648989e+01,1.640248452566638449e+01,9.534844065344266539e+00,4.553197314467105628e+00,1.989531322777599698e+00,1.574255566209805890e+00,1.952496220192420529e+00,1.037493210280833189e+01,1.317891235684864881e+01,1.946867074888285742e+01,2.883869395585508144e+01,3.355026223812699016e+01,2.880853413257900186e+01,2.872701133119473837e+01,2.844194985636888973e+01,2.248200441048772191e+01,2.325173218564287225e+01,2.530752805202076061e+01,2.877085414875992342e+01,2.984105976494534573e+01,2.471824148156276735e+01,1.913829473423858829e+01,1.654958653005707347e+01,1.799978105396018080e+01,1.675804727270584848e+01,2.140835568659968047e+01,2.347158793497722584e+01,1.958911656535943990e+01,2.169252136994183999e+01,3.105388897777793034e+01,3.526201318723154543e+01,3.158645794352017333e+01,2.616780694221493775e+01,2.917762572967174606e+01,2.983829834591845298e+01,2.930154391189635987e+01,3.227213838209730312e+01,3.228699888216495140e+01,3.021265130837455715e+01,2.788422365869178776e+01,2.592364950084054698e+01,2.964727392124197891e+01,2.821804725237625533e+01,1.726002780489709920e+01,2.719278997509720952e+01,2.766308610287630998e+01,1.406639881990132501e+01,9.945493846712103458e-01,-4.366424394634763395e+00,-1.586091184251048070e+01,-2.523936013654176591e+01,-3.705353784817332041e+01,-2.778222880647150816e+01,-1.392478845923188580e+01,-8.045984428100600994e+00,-5.367066051084986356e+00,-1.105624274447535527e+01,-1.110019402170033587e+01,-1.329082144220294737e+01,-8.782898020583791876e+00,-9.232505820263186891e+00,-1.731063814078874685e+01,-1.776706002844659338e+01,-6.699673268264396242e+00,-3.503548202671282752e+00,-9.519039994157513007e+00,-1.049576487312945972e+01,-1.178620536988260703e+01,-1.197929244399924187e+01,-9.708010298731647225e+00,-8.753110210112323486e+00,1.251243983228400358e+00,-5.265196383330697394e+00,-6.531275924675354005e+00,-2.775717920771578306e+00,-1.152720510296181722e+01,-1.307713279970030129e+01,-1.459541442569677194e+01,-1.966707658896541489e+01,-1.792030462736163088e+01,-1.882027993595398740e+01,-1.799288125144840222e+01,-1.703632286824540287e+01,-2.316524024352757039e+01,-1.804976958814856403e+01,-1.648601285529489502e+01,-2.121411277479527868e+01,-1.817899117252182251e+01,-1.668139233695941570e+01,-1.396554182222028295e+01,-9.810801796008400188e+00,-1.196688571851735716e+01,-1.198338104588808939e+01,-1.447416243124009938e+01,-2.527952150917757379e+01,-3.325281933139211077e+01,-2.769314507085133314e+01,-1.575748538938906407e+01,-6.202622771947598146e+00,-1.843821830251348493e+00,-4.069624688667246915e+00,-7.118148738441226087e+00,-6.590422597103208879e+00,-8.236959095070821135e+00,-5.277132646619867806e+00,-5.489817310373622306e+00,-1.805004182344914199e+01,-2.312797116718495616e+01
-7.054127652775353141e+00,-7.317830227429219292e+00,-8.174365784194556284e+00,-8.157604511141000714e+00,-9.931932393394049541e+00,-1.077067069046442604e+01,-1.018591051398486158e+01,-9.117615561567417259e+00,-1.375658404586267203e+01,-1.588619910612588981e+01,-1.331087595618937236e+01,-1.899330449703002088e+01,-1.917932466014532267e+01,-1.343403085804007269e+01,-1.007419047192805905e+01,-1.283674254703620043e+01,-1.444297681337662276e+01,-1.205051799410818880e+01,-8.708269682685418900e+00,-8.037729881144429100e+00,-3.208726573446388119e+00,-4.026894984627517715e+00,1.553860087913983445e+00,1.220623358440330009e+01,1.749566671764124592e+01,1.744672428105156925e+01,1.487892066553158799e+01,1.414250532173919339e+01,1.748554893543389355e+01,1.759866277059601813e+01,1.765683652612844057e+01,1.924527645310981327e+01,1.931225196950152778e+01,1.977572939457741441e+01,2.495947887698645573e+01,2.592077298427529541e+01,1.962123144528195340e+01,1.992245926424781644e+01,2.431331352368141907e+01,1.994303668968568388e+01,1.748282158672869357e+01,1.829684089125213120e+01,1.864362694902798623e+01,2.163600558172031540e+01,1.597390871664308420e+01,1.227229836809313568e+01,1.250432395214467007e+01,3.578368637371775574e+00,-3.473726227196750838e+00,-2.558098558777040399e+00,-5.842152541952060574e+00,-7.307313729582988415e+00,-1.040265760572695086e+01,-1.098428405725570656e+01,-1.303722284962126032e+01,-1.101574728267416070e+01,-9.481711588029217097e+00,-7.485690109128698033e+00,-5.371814558354980562e+00,-3.816981365336873822e+00,-3.140263648054704593e+00,-1.253382994334476752e+00,9.933251249692901297e+00,8.456150351670533638e+00,-5.858541131811089153e-01,-6.020506951780285831e+00,-8.033090176238388835e+00,-8.564797259119741213e+00,-7.463168734466915311e+00,-1.945275010989044873e+00,2.412635829735499282e+00,6.571173763021030290e+00,8.796141545404541517e+00,1.157021996331283731e+01,8.789817058864722199e+00,2.988152808980666375e+00,3.828327971694200027e+00,5.398898054683722414e+00,2.880785035659909621e+00,-1.046194816302049357e+00,-4.051322430132008989e+00,-3.254005687396311242e+00,-3.397618892127258761e+00,-4.964854433936307210e+00,2.286848724872753147e-03,1.198114718297527137e+00,2.976713714733091987e+00,6.181265749934479636e+00,1.172668661637808185e+01,1.410847851241812023e+01,1.271193025401053589e+01,1.355334508654117087e+01,1.392202174560343053e+01,1.562076588666437260e+01,1.745158653734142362e+01,2.031999375571094646e+01,2.071698052340941487e+01,1.757900133484540817e+01,1.453432480591310494e+01,1.327999174917321668e+01,1.427332101664243424e+01,1.613132072111645599e+01,1.637953152382225852e+01,1.759193051077066272e+01,1.839147470448462940e+01,1.975099614657111147e+01,1.934164664374934617e+01,1.670898117344681211e+01,1.292789753861248414e+01,1.765611387262932652e+01,1.782110649025917226e+01,1.501664429519443189e+01,2.106224406572900421e+01,2.473130565361205413e+01,2.679494177159376633e+01,2.884078674754892901e+01,3.458610873382406936e+01,3.611804611933465026e+01,3.435849870850309884e+01,3.373149538522736890e+01,2.967803363206400391e+01,3.082825319236266282e+01,2.396717546479243666e+01,1.639029950969630889e+01,1.916435624113542957e+01,1.966624033148551121e+01,1.691698481798140463e+01,2.396595450331408017e+01,2.101636158738572746e+01,2.174673149413478157e+01,2.129834952989463304e+01,2.665086081617996072e+01,2.955393130672050361e+01,2.481184096315384124e+01,2.162508617318887261e+01,1.709500541164314313e+01,1.008448489886980504e+01,4.312888614022093670e+00,-3.107548295297021479e+00,-8.558153293481735702e+00,-7.023528073093796564e+00,-7.046299681412168781e+00,-3.135691135412773445e+00,-4.659949962550685498e+00,-3.461519028556857336e+00,-4.287285069737756693e+00,-7.723876588148035793e+00,-8.944264781303685297e+00,-9.934639382387725703e+00,-7.205484902776857048e+00,-5.384144626599219663e+00,-7.652028968114585439e+00,-1.048589138877455618e+01,-1.608439094276079473e+01,-1.613695679856296650e+01,-1.724034072254639227e+01,-1.338720996292153487e+01,-1.202117207275963118e+01,-9.723245959712588871e+00,-5.614371198028735854e+00,-4.978167343866283012e+00,-1.937291457777955195e+00,-4.905349094234104257e+00,-8.241132804873846140e+00,-6.026806109233797670e+00,-2.220481196382059763e-02,8.776518107407573765e+00,9.030058856785510457e+00,8.147918594590130681e+00,4.889201236055831679e+00,2.424934747323556350e-01,-1.503540324063491251e+00,-5.533492850220282477e+00,-9.672161221091364780e+00,-4.102378882613318289e+00,-7.578966716342096177e+00,-1.107165698245714225e+01,-1.069883247897346301e+01,-9.900974214844225685e+00,-6.106381416288085839e-01,5.440916121077566281e+00,8.190885267731934150e+00,4.407444843950094615e+00,1.168636207337031774e+00,1.652338184881138317e-01,5.122104294729939999e-01,-6.536089324894162056e-01,-2.294298229707552483e+00,-1.008200107860338424e+00,6.241300037289659874e-01,9.554378633071886062e-01,6.867562661916347899e+00,9.949420901037827392e+00,7.032221595278346449e+00,3.617905585422332981e-01,-6.127478802816152537e-02,2.649941268770644731e-01,8.788690934231201402e-01,8.755730111095150647e+00,8.656024793526587047e+00,8.041784882813214352e+00,8.445647361813856335e+00,1.015760150188418010e+01,1.068157909291716834e+01,6.093695341362045603e+00,1.398544748842786944e+01,1.648707399765068615e+01,1.750619069512654136e+01,1.820678445163370185e+01,1.965001959620988714e+01,2.017557737898427206e+01,1.889334207737268656e+01,1.792782171543575487e+01,1.456006908638449815e+01,8.887976275828361139e+00,8.620693165896950561e+00,1.167866785632086390e+01,8.628463183251907864e+00,2.544231597748342733e+00,8.216721313663226667e+00,1.153674169278596295e+01,1.224950958125701206e+01,1.220866296426609665e+01,1.579384697601724241e+01,1.692508275114361993e+01,1.246077577109926793e+01,1.060559063825655457e+01,1.214879279633537479e+01,9.537081085572724604e+00,8.012879866729754497e+00,7.115233706992509788e+00,3.743431027818354462e+00,5.112202310651919213e+00,6.050556797011878096e+00,4.836690019008231367e+00,1.442656339212688010e+01,1.550447298273658348e+01,1.248753314920929824e+01,1.327251960964838418e+01,1.151615348863186483e+01,7.743082081576800668e+00,1.206155543358029902e+01,1.584057558786086162e+01,1.970313348297853295e+01,1.413350508568029795e+01,2.106842955016994257e+00,-4.954192450754938415e-01,6.443699239358370967e+00,1.303848256891859592e+01,1.777649663706510097e+01,1.314444054651816529e+01,8.444749230092524428e+00,1.072777562214784908e+01,1.562191036280810508e+01,1.414268083708934753e+01,1.696038976519206187e+01,1.356665333117243932e+01,7.995653862685329294e+00,4.503592521767941115e+00,5.684490725469538042e+00,1.038165206673761176e+01,8.725101991622446818e+00,1.009821057721193238e+00,2.108296342022907499e+00,5.112712722075490213e+00,9.485735812997319050e-01,-2.318455249593232903e+00,7.884855153716693543e+00,1.799449965354784098e+01,1.221026495385470767e+01,5.378505678868859441e+00,-4.876958818458624556e+00,-4.352278832720212876e+00,-4.107773139847557431e+00,-3.784010863245594880e+00,-3.769007893443454993e+00,7.319491291723710935e-01,-1.425022854914287596e+00,-1.925780479405887924e+00,2.287595594297154644e+00,5.027867118585912287e+00,3.585793972310733491e+00,2.909070834610225642e+00,-3.133717007723451076e+00,-4.068069837585538195e+00,-3.352440809483149042e+00,-4.444349265476831512e+00,-2.826097832171060364e+00,-3.596361556139222149e+00,-4.782319180847856011e+00,8.709521741892570779e-01,-1.653698251610803194e+00,-5.852796136053547982e-02,3.029775167377939393e+00,7.689695324513736274e+00,8.232632799761361753e+00,1.130698925183506276e+01,1.348169662253538803e+01,1.443963789379203888e+01,1.108113878654056883e+01,1.036107921466509296e+01,1.336562797776871037e+01,1.281364937230506484e+01,1.417485117614441315e+01,1.569849643751993717e+01,1.448209312359142231e+01,1.776266280199718395e+01,2.093942466015101900e+01,2.354895414200463222e+01,2.437200388918377314e+01,2.270909797191706758e+01,2.148439749368817431e+01,1.717801787719878703e+01,9.545677553131969972e+00,9.396494424922204658e+00,1.130814635177878813e+01,1.353385937968581842e+01,1.904881658141485801e+01,1.456835876503884819e+01,1.088321574533936698e+01,9.904065854214449516e+00,1.071239019228026024e+01,1.167620286784771721e+01,1.213041942844392551e+01,9.755738580143429317e+00,9.681458986391985988e+00,5.942605053754497213e+00,5.117451399312494154e+00,7.257138396040446970e+00,8.900147992708561162e+00,1.273719054820420027e+01,1.447834051756851537e+01,1.358732445643593678e+01,1.371224733583247968e+01,1.139029033882955488e+01,4.066615166297972372e+00,3.903517823504459638e+00,1.322288803710361549e+01,1.864690819195416793e+01,1.785791304826820891e+01,1.456726597867904260e+01,7.518852768290323674e+00,7.650049396946530855e+00,1.062681595519899957e+01,1.094297971028386840e+01,1.242870186917005171e+01,1.056126610376169594e+01,9.835737627529512750e+00,1.268251572558882145e+01,1.795792462877384565e+01,1.992856047078441861e+01,1.125059821497975232e+00,-1.025581703840389824e+00,-3.160035411858240773e-01,-3.936649128230171879e+00,-7.605590358438318432e+00,-4.098045544833197162e+00,7.396361489051357374e+00,1.321367836889996994e+01,4.869441812247104373e+00,-2.830281596757556084e+00,-9.693551972949387974e+00,-1.244267243807900947e+01,-1.484008962951404875e+01,-1.450622468110707253e+01,-1.248356872116260163e+01,-1.453297799203012097e+01,-1.464084143008774141e+01,-2.010513971145340051e+01,-2.351344002025834712e+01,-2.324055493408491202e+01,-1.920335984629946324e+01,-1.379650423252768121e+01,-9.315852153385627332e+00,-1.133240677771426164e+01,-1.956151153157209777e+01,-2.371357602552588162e+01,-2.117284538119514181e+01,-1.264876396754456245e+01,-1.426193392292440087e+01,-1.535506950149724048e+01,-1.326479285032823263e+01,-1.588237744388747430e+01,-1.087603111410336076e+01,-6.252404988623429638e+00,-6.196511264473135050e+00,-6.370945313198898674e+00,-5.755171067792629991e+00,-9.166277649394636740e+00,-7.633594084790215284e+00,-5.594839333981365570e+00,-1.159187301835244277e+01,-1.524264584432951430e+01,-1.576713304120671921e+01,-1.530061840183396527e+01,-1.438436726935932874e+01,-1.244482738940754629e+01,-1.020639773563741670e+01,-9.347236739402392303e+00,-1.229541910515206737e+01,-1.106100488891865474e+01,-9.927631575651270524e+00,-8.978871504221167754e+00,-6.679732146849859831e+00,-6.204178400392131865e-01,3.877045993326413420e+00,5.766811919502536909e-01,3.890928524899222918e+00,4.429672628703812398e-01,-1.724556375291772969e+00,-3.800289265115619042e+00,1.405882949936626769e+00,-3.278817687258085423e-01,-6.434957523742227403e-01,-7.853826187085619082e-02,6.353178173482347368e+00,1.277475898827444922e+01,1.205037622048886803e+01,5.932828980602224966e+00,1.538112864296805160e+00,8.911743870750566288e+00,1.460007745157978221e+01,1.335789837663991975e+01,5.348354308661506629e+00,-1.626686866982982038e-02,2.478594361826198078e+00,6.220297809355831653e+00,1.823731913059040421e-01,-7.675901813715810817e+00,-1.383841608420062563e+01,-1.407551010429204830e+01,-1.346311788141536070e+01,-1.740861357393601239e+01,-1.473534213651877600e+01,-1.068010736826660434e+01,-1.307621729235473929e+01,-1.593148711164212727e+01,-1.372069622617960150e+01,-1.556473561621685953e+01,-1.855692166220667261e+01,-1.666487352036183012e+01,-1.759429909226719602e+01,-1.948251092820945729e+01,-1.491664572829098923e+01,-9.848128466760325495e+00,-3.067565228401863298e+00,3.591730127801352257e+00,3.177064147215298728e+00,-2.294484223028762759e+00,-5.817888799433426072e+00,-1.699925092166725804e+01,-1.626196706963825633e+01,-1.653294060143151967e+01,-2.150641397029460578e+01,-2.127513693873022049e+01,-1.544767729767332476e+01,-1.199175350222485470e+01,-4.721072479103317399e+00,-9.735138577532920223e+00,-1.712756268581729557e+01,-1.997197159607134509e+01,-2.051379442517098184e+01,-1.528791855618118944e+01,-1.363589655835582803e+01,-1.429105526980147367e+01,-1.228799136024062122e+01,-7.272923283957649865e+00,-8.857435770849663825e+00,-1.575068631986900414e+01,-1.441922328169811962e+01,-1.158644943084571288e+01,-6.993243199680932776e+00,-1.155649270337290035e+00,-1.443364047927344629e+00,1.769601353194995230e+00,5.852584015932771777e+00,4.566657538844149045e+00,3.426726429116081274e+00,5.455155303445132553e+00,5.466359139883981477e+00,4.568833702512336004e+00,7.281016787848331173e-01,-3.676646801710735657e-01,-3.455373631826626823e+00,-1.204933105974216190e+01,-8.765978723190071875e+00,-9.208859770764679098e+00,-1.338065929690878519e+01,-7.033391871910013471e+00,-4.287346280597158277e+00,1.595094035841128299e+00,2.917894316631989948e+00,3.547194205864158345e+00,-5.996739581038525557e+00,-5.036848090252202148e+00,-8.057295026425331130e+00,-1.153132881950824640e+01,-8.964463920265300700e+00,-9.395647091547070673e+00,-1.191448530046420551e+01,-9.344684712525756609e+00,-7.563981679045254092e-01,-3.000295199820919301e+00,-2.631793655418174893e+00,7.890521989197528674e-01,-3.917689482621364849e+00,-5.506111241108312626e+00,-1.001753064413430216e+01,-1.156480220904320255e+01,-4.987256368819525498e+00,3.308062028958580481e+00,9.106684366517139750e+00,8.488305045381460801e+00,5.388476620252048654e+00,8.463142977151017377e+00,1.510294537284169891e+01,1.960472692080753276e+01,1.835654263064015979e+01,1.808182931101615765e+01,1.893477256226992722e+01,2.301713926987196857e+01,2.007134678362227476e+01,1.710286777219797472e+01,1.822266761828530335e+01,1.848567719091533235e+01,1.894711879269058130e+01,1.867611227737538115e+01,1.805327452835344815e+01,1.970609302902089510e+01,2.146983047750893547e+01,2.160488680275494033e+01,1.875650624052477511e+01,1.686939221580001202e+01,1.795513713461433269e+01,1.882893967889487286e+01,2.320632723206756509e+01,3.166857029217135633e+01,3.542518284523227834e+01,2.679264615805616856e+01,1.076101473780030560e+01,3.754785284922170785e+00,7.972475925686654641e+00,9.973705948103347652e+00,6.089457688283913761e+00,3.378840765376547761e+00,6.622442438551936483e+00,-1.855878651227917508e+00,-3.039470852186412664e+00,6.837258744086137874e+00,1.304992750037347449e+01,9.602510220363789983e+00,7.242141293304762861e+00,6.805143711978685950e+00,7.398623171200804371e+00,5.540197187883404872e+00,1.958365582828899054e+00,2.245874203192032237e+00,3.357559420336620359e+00,5.372389044145198689e+00,4.991394141386304106e+00,1.176711698275448015e+01,1.411105454686744309e+01,1.424133923792818024e+01,1.721639525960423711e+01,1.662592820619631695e+01,1.210974116652734267e+01,1.181392161681387165e+01,1.503958155492115623e+01,1.714589699480412222e+01,1.169337348287717759e+01,1.231814594766052906e+01,1.403777799516622338e+01,1.850584293145496773e+01,2.084064181664900417e+01,2.040974798648518629e+01,1.660724795195150350e+01,1.496976315694645976e+01,1.656480671528469273e+01,1.942699351338505309e+01,2.090176674874138030e+01,2.637072969385468113e+01,3.482496941713105088e+01,2.990355397539487470e+01,2.243817747871036872e+01,2.114504899576071750e+01,1.600105741879826482e+01,1.480885490592506848e+01,1.375917978969607525e+01,1.605101326419911345e+01,1.597734496475695565e+01,1.608041463205961819e+01,1.897805095122237162e+01,2.003711796162413350e+01,1.902611701206203421e+01,1.683348340495257034e+01,2.374509619640205571e+01,2.753576055667509692e+01,2.527761503457028525e+01,2.484363458411190706e+01,2.368483592014414540e+01,2.921307186837364256e+01,2.633549170492794289e+01,2.077333839730343712e+01,2.013605083421213848e+01,2.406601443763261372e+01,2.563094916300924098e+01,2.726763048809801759e+01,2.578632927959069221e+01,1.817786572003607759e+01,1.333204415174027702e+01,1.443438902071055097e+01,1.512462879948666128e+01,1.527034874599863556e+01,1.733167394916996429e+01,1.797875920958021112e+01,1.807950852786115803e+01,1.353450607007694373e+01,7.042895315373915999e+00,1.079178073307886976e+01,1.038193739346797884e+01,4.051377080310802903e+00,-8.769767175466865794e+00,-1.465793509528732308e+01,-8.264777245306142106e+00,-5.570140126336756481e+00,8.090847688503318480e+00,8.951513633406733561e+00,2.446328938293447219e+00,-2.708299871946518333e+00,-7.590421034718690230e+00,-9.218951535612411874e+00,-1.106011817908762396e+01,-1.058178097058966749e+01,-1.028140678551793208e+01,-9.574615146273396604e+00,-9.432029760815689556e+00,-9.930149247863274908e+00,-5.859055299260933047e+00,-1.773930698422473862e+00,-1.090077880940613086e+00,3.838990173079133150e-01,2.575722220740893853e+00,1.538501781806349777e+00,3.881215911480034642e+00,2.487672105571018921e+00,4.175361420243403066e-01,4.750801221894458415e+00,7.664330514731970467e+00,3.852422035248863175e+00,7.545779632172313178e+00,1.313907366016232814e+00,-7.462120373544850471e-01,1.528330913205576236e+00,1.535006191666117958e+00,-3.011959388920114389e+00,-8.166678188508754488e+00,-6.212811515040261412e+00,-3.139610930203561079e+00,-7.968729853407341412e-01,-1.807505796828482003e+00,-2.647913532148290283e+00,-5.160875313025194977e+00,-3.506396308449334143e+00,-1.819689760802643885e+00,-2.747177199770545197e+00,-2.206982335640461299e-02,4.235240913176318678e+00,1.425331697977689993e+00,4.408393127012059098e-01,5.902806799338289778e+00,1.355295724220008680e+01,1.436299706004811583e+01,7.828133375626676660e+00,5.891523817332340762e+00,2.887552796811785782e+00,-5.590136221359002233e-01,-3.613859110851423750e+00,-6.231283599632558179e+00,-5.734209530515491871e+00,-3.265474733998306345e+00,1.451519564213379354e-01,-1.195817595142246681e+01,-1.801881530545378496e+01
-1.144466254991093912e+01,-1.334994158842512313e+01,-1.413963885858995795e+01,-1.369352900141849183e+01,-1.084819324831329546e+01,-1.070123297245740623e+01,-7.826633345483849702e+00,-9.319199682250111749e+00,-1.122526258667763877e+01,-3.160128275216552929e+00,3.018381589686043753e+00,-9.203663955304487443e-01,-2.236313250507764860e-01,4.840844269660093069e+00,5.299391003304749326e+00,-7.062211407879724900e-01,-6.802049916158993348e+00,-8.325938636209244237e+00,-8.486220237042168435e+00,-1.710953864826288529e+00,1.422086883809768887e+00,1.842624140107350650e+00,3.120793589171050542e+00,-1.023112673712418319e+00,-3.296446613458413388e+00,-3.559361491880120631e+00,-6.552777527931941570e+00,-4.835051528510942553e+00,-4.983918088230326227e+00,-4.345355509575898445e+00,-4.460287361211050516e+00,-7.511571093401003374e+00,-6.784746225981405310e+00,-2.626206022289532704e+00,3.234527208773811058e+00,3.699862792302339276e+00,3.782063314682153177e+00,4.874300513887549258e+00,3.281620693523889631e+00,-3.164940976639681658e+00,-5.506901053926600120e+00,-5.538049113377842225e+00,-3.746855472537403919e+00,-2.375092875461596087e+00,-6.263832401921562543e+00,-4.686821206707162624e+00,-2.254276861512617636e+00,5.373794011787625280e+00,3.832823144854701880e+00,4.754115462205261156e-01,-7.061214108903340225e+00,-6.833630297236374496e+00,-1.408938494206007475e+00,5.005187299465082562e-01,-5.461466217792634303e+00,-9.423969938102489508e+00,-7.967822759992682968e+00,-4.319451020750078918e+00,-9.940369638376437278e-01,6.578409466647184844e-01,-1.441614713558686978e+00,1.110927293627107071e+00,5.382039410501324284e+00,8.840529892587074556e+00,8.827500953984870335e+00,4.409722445648496247e+00,-2.529741747608114544e+00,-9.211840477426120444e+00,-1.070557216062566219e+01,-1.095762098247008431e+01,-1.607779425937581763e+01,-1.565564916612667723e+01,-1.593182322971801135e+01,-1.671951864013304245e+01,-1.330804322884821822e+01,-9.222206562290223175e+00,-7.797092865959187158e+00,-3.180436129808369650e+00,1.890560740518962168e+00,2.024078527056137666e+00,2.240822275727150537e+00,-3.803365198476072462e-01,-5.044357275969846732e+00,-8.353918115442928283e+00,-1.194501660350455374e+01,-1.781488047940643682e+01,-1.922586640117168244e+01,-1.582996984325789391e+01,-1.504662782793636389e+01,-1.713136740107967881e+01,-1.986668359986441246e+01,-2.027994970324726154e+01,-1.620089869835101481e+01,-1.455800313418929726e+01,-1.286248819554284317e+01,-1.436632264520958024e+01,-1.391232808379400332e+01,-9.400663551595458856e+00,-4.233121709425998525e+00,-1.182164613632977312e+00,-4.344346388218501609e+00,-2.968982999406661882e+00,-2.156944805488644867e+00,2.067787703817774769e+00,6.101673569695638122e+00,6.741164834503340586e+00,5.718955321598260255e+00,2.746901680207097574e+00,4.338091045549366420e+00,4.562207861231289741e+00,3.292913457039119418e+00,2.721093023109943498e+00,1.031996623199767038e+00,3.003608798242478173e+00,6.032301950047099126e+00,1.097885652899022091e+01,1.562949757234029491e+01,1.556640440583015383e+01,1.472392506605509865e+01,1.543051772684022716e+01,1.690047773950445986e+01,1.738093645402899412e+01,1.064923887976887862e+01,9.027324717580231805e+00,8.845716085817073804e+00,7.358620171806450116e+00,3.737827232613597506e+00,7.327437715572336252e+00,1.441295482632976466e+01,1.553589543327990974e+01,1.393088157303890107e+01,1.331621773651408347e+01,1.316413144369336763e+01,8.704378768098807839e+00,-1.948877975285821518e-01,-3.004859359061319957e+00,-5.574224248905045975e+00,-4.430345580037548636e+00,-1.101996073204742244e+00,1.683537965841497952e+00,-3.961353035921460486e-01,1.659313227925305556e+00,4.362458625914811705e+00,6.686653030974851752e+00,7.376802682786053111e+00,8.990077400109791839e+00,9.371886740375272140e+00,6.832947360925249569e+00,6.328478969977546775e+00,2.472906322205495222e+00,2.403312576351869900e+00,2.614050619028234212e+00,-1.506941829633361207e+00,-5.097219730010043470e+00,-4.135589842742180444e+00,-2.964820236799721620e+00,-6.844916663518868738e+00,-1.601776200025378927e+01,-1.749235071529047758e+01,-1.245332249025480031e+01,-8.664931433931942095e+00,-6.516139075591740770e+00,-3.652250588172067047e+00,-1.458803715365490694e+00,-2.379164149073480949e+00,-3.622412464115757125e+00,-2.796957794533979857e+00,-5.160241200942475182e+00,-5.871935094664293864e+00,-5.223733665336045995e+00,7.870054504121083427e-01,3.790705345447095809e+00,3.133082458594692365e+00,-1.943335282538377617e+00,-9.239970134660524081e+00,-1.047399520034163878e+01,-1.045612397560052820e+01,-7.417118957670067125e+00,-7.848199994499991838e+00,-6.869248098182734630e+00,-1.048988428342707557e+01,-1.284713685592965682e+01,-1.167142106896142018e+01,-8.813132818792372092e+00,-2.373243780898189326e-01,8.619539218284392179e-01,-8.067212764685932624e-01,-1.474267974979486806e-01,4.276806277204989293e+00,8.759554807846896551e+00,5.180810632211742650e+00,1.006851595675167488e+01,1.248914654230850552e+01,8.013259727894265438e+00,3.580597508837723542e+00,-5.235054344171070212e-02,2.762127808011404895e+00,-4.609997697836732411e-01,-1.536892505288753652e+00,1.910637011690903497e+00,1.368983175661593998e+00,9.217699481607882772e-02,-8.243993701223465420e-01,3.759163887383162095e+00,3.763672719973497394e+00,3.280148783804204715e+00,5.632263587592866827e+00,7.279545845991177266e+00,6.225841295468681480e+00,3.381801831786193091e+00,-1.800152092166188877e+00,7.581851693005231541e-01,9.383390143159136443e+00,3.639112880226226032e+00,7.122251015693442655e-01,3.861238854523662223e+00,4.804418000558920099e+00,1.637718901918167491e+00,8.435051812760249845e+00,1.112132703477990070e+01,1.411718904383853612e+01,8.315939877671262082e+00,2.143423386450936885e+00,3.004601296528765619e+00,5.393753400959917066e+00,-1.205166539410702731e+00,-2.525349145495053627e+00,-3.681246754181455749e+00,-3.230558809166281797e+00,-2.812990781581233612e+00,-3.569091079426576663e+00,-4.905505861905617770e+00,-8.438582752590550129e+00,-5.529777341970604887e+00,1.526182174300798056e-01,4.199739120155528305e+00,5.385997365262192638e+00,5.985826703698487322e-02,-3.425688351468409998e+00,-7.426583023742757028e+00,-6.545208336787301517e-01,2.120073721925143317e+00,3.515867264371931977e+00,5.784550388324727344e+00,6.556133044419652833e+00,-1.077606175553429146e+01,-1.501075654769959478e+01,-3.601567101427224138e+00,3.767071995488594727e+00,4.298242565325455899e+00,4.430969051070004383e+00,3.273172573961250276e+00,2.098557384535621573e+00,2.463144494824060171e+00,4.686197765278657279e+00,2.357429465924256728e+00,-9.633934020164901524e-01,-5.124245724563047055e+00,-9.502561181612431795e+00,-1.346820240421083348e+01,-1.231839118617350870e+01,-1.237221117906342549e+01,-1.520903236724557495e+01,-1.431598255290150412e+01,-1.570628691997878512e+01,-1.653203374695564776e+01,-9.863491159130342467e+00,6.674124583201620498e-01,2.281112437458541642e+00,-4.158673120424919212e+00,-1.119640556537124176e+01,-9.636081396557843348e+00,-1.469259020388270365e+01,-1.414579437394089290e+01,-1.491874837080296778e+01,-1.552792988279876063e+01,-1.058851517386143293e+01,-7.171694315404439912e+00,-2.018452831351929433e+00,-1.789109469149203546e+00,-4.967685086115959159e+00,-7.115237865473402756e+00,-5.231069126524151791e+00,-6.094442320424131587e+00,-3.304031124753032067e+00,-3.470199779284562247e+00,-3.229915007949977657e+00,-2.931338814346024613e+00,-1.767549443098220263e-01,-3.134117173406733237e+00,-7.175636070101089281e+00,-9.194883457652027303e+00,-7.269737547656395016e+00,-2.826350565341816612e+00,-3.628831977041909518e+00,-4.715492356363991000e+00,-5.711576672602601157e+00,-4.296793535526841623e+00,-5.441764355998839342e+00,-3.583034970721128420e+00,-1.564090300916493481e+00,-1.275361136063624667e-01,2.913375287265971281e+00,3.990789965971769604e+00,7.214658455855704755e-01,-9.250336586702861963e-01,-8.506305740279421768e-01,7.714550705487641657e-01,1.435677103837362578e+00,-1.082866314496081228e-01,-1.371723573867815960e+00,-5.564096195251301502e+00,-7.517601676767017516e+00,-5.261028042494301893e+00,-1.044048450181552745e+01,-1.155060846928492602e+01,-1.057675820297302671e+01,-1.054106493837746150e+01,-8.598731917685181969e+00,-9.139314866401116788e+00,-9.415738715817248305e+00,-9.165209299116304109e+00,-7.294879211434770916e+00,-4.538750076181458759e+00,-3.543100885100774811e+00,-3.112334521458307357e+00,-3.053033823056904517e+00,-2.756713521106791909e+00,-2.044244415950553062e+00,-4.638497619957361984e+00,-8.219312021756604025e+00,-5.416022439395942634e+00,-3.411145966331493362e+00,-7.813986717479298072e+00,-1.815040873421669332e+01,-1.978285392997353753e+01,-9.508315769660606875e+00,-2.553549235548014273e+00,-1.330261748349333528e+00,-3.211664090893491696e+00,-2.373817360672679122e+00,-3.704957830055533030e+00,-4.992319443250932132e+00,-7.992749952463999996e+00,-6.351541628909390447e+00,-5.154795607727094442e+00,-3.225637823674399662e+00,2.898806633468444360e+00,-2.403389124767008944e+00,-6.854049614531430912e+00,-1.476674693451698550e+00,-5.993447814030962384e+00,-1.053422391250141210e+01,-1.078593914405101195e+01,-9.749188126017850564e+00,-1.206373219482428460e+01,-1.529775148722602829e+01,-2.001896777897342261e+01,-2.828725886542052592e+01,-3.117950664723063170e+01,-3.167697651677435999e+01,-3.379054178051588053e+01,-3.181953123226303148e+01,-2.469192786705842124e+01,-2.288953390794656428e+01,-1.979891126835923743e+01,-1.640651824587910568e+01,-1.802406368346183285e+01,-1.690059879190386383e+01,-1.476934463952591692e+01,-1.454405738121899461e+01,-1.894740225384335019e+01,-1.465174129520110036e+01,-1.412824951451312394e+01,-2.383808292949089491e+01,-3.830296355258346352e+01,-4.144009224886321618e+01,-4.117804544662375577e+01,-2.654602117314196619e+01,-1.800231380523251090e+01,-1.874034685266788713e+01,-2.306026322905460191e+01,-2.721107699579203754e+01,-2.137262591261488609e+01,-1.937187451523315573e+01,-1.821929948946412026e+01,-1.913805227841116974e+01,-2.141687756436646950e+01,-2.206106129653160508e+01,-2.204380088853962150e+01,-1.883317590496397642e+01,-1.599619791550755110e+01,-1.334374423458229764e+01,-1.414750693515467539e+01,-1.467497551082817964e+01,-1.494700979257951978e+01,-1.504301652986343996e+01,-1.320007314180238644e+01,-1.160113002624915168e+01,-1.306996590191024410e+01,-1.510742241837309585e+01,-1.591079188596549088e+01,-1.788449868686799249e+01,-2.030113282391340945e+01,-2.260561625608218250e+01,-2.334305328164066040e+01,-2.360073044255399211e+01,-2.346148276597576299e+01,-2.369673825116651500e+01,-2.235061513496607333e+01,-2.175216428095994559e+01,-2.038502805326171341e+01,-1.853320066841263625e+01,-1.017655666877751663e+01,-5.543063522546826327e+00,9.696695857358968995e-01,3.365194180046538808e+00,8.771345745864255194e-01,1.464288954470051474e+00,-2.168603265687612414e+00,3.209468002203270665e+00,7.500293910925454277e+00,9.799375754137119587e-01,-3.798332211188378160e+00,-1.313791607309360820e+01,-1.514109777941421520e+01,-5.149616546976869991e+00,-9.547404966861146036e+00,-1.031697210894470906e+01,-9.723061722590756517e+00,-7.749796210442933209e+00,-4.964673589926582586e+00,-6.633529067583445737e+00,-2.129246403775134411e+00,-6.093038606893658837e+00,-7.894472846515252940e+00,-8.675048064999270281e+00,-9.402227655551874008e+00,-1.487202581082018149e+01,-1.451224282600863624e+01,-1.503933740244795736e+01,-1.724865874787494491e+01,-1.529744724038812009e+01,-9.928201517598301606e+00,-1.026855096893067198e+01,-7.766535912572275713e+00,-3.377239846265422507e+00,-8.832501461859965985e+00,-9.779294161671757024e+00,-1.169859645454071284e+01,-1.952644092348151972e+01,-1.626460376938474184e+01,-7.620298603808350890e+00,-7.038147842610531058e+00,-8.664527478305849684e+00,-6.035903608610927229e+00,-2.766209907454191708e+00,-5.938942367706657066e+00,-6.343871299312660028e+00,-3.076170113910648762e+00,-1.147706980807480370e+01,-9.566013794139516691e+00,-6.095925248768047311e+00,-5.500949139817869593e+00,-7.664616442795708195e+00,-8.431456448929452563e+00,-7.627597740287547445e+00,-8.026807211754574567e+00,-9.347133361426420706e+00,-7.878246781417841405e+00,-3.885367437509769761e+00,-2.272943423368272597e+00,-1.238277949410378082e-01,2.800697383228734516e+00,5.917934956534317337e+00,1.311030453743713942e+01,9.292384359759864765e+00,6.143899327801476851e+00,6.425605452235789272e+00,4.416817034001716991e+00,1.529748297774065069e+00,3.487811763022666267e-01,-3.809828809979169506e+00,-7.246725948634732184e+00,-4.484094521219024188e+00,-5.950849885800399974e+00,-3.930164634895044529e+00,-2.060218562628353123e+00,-3.075053852366171014e+00,-4.037592064539792247e+00,-3.787335693923979729e+00,-6.268476362233376342e+00,-7.584125556336990037e+00,-6.639432906139213664e+00,-4.299789141926230407e+00,-5.222327739858605433e+00,-2.720677703053523633e+00,-3.401950135657512586e+00,-4.330403701876533340e+00,-4.203047869864478869e+00,-6.460158579681542612e+00,-3.657102051217175465e+00,4.942549464212241617e+00,3.506943052316385590e+00,3.190026759435053094e+00,2.330717694210051594e+00,1.899636087341343815e+00,-7.815714631060097339e+00,-1.249419527431611066e+01,-4.052328890849355325e+00,-2.594334930473643830e+00,-2.350667895072310110e+00,-2.836016121942148693e+00,-7.865176092478439962e+00,-5.091107778230624881e+00,3.194953188332824712e-01,4.411390359653314164e+00,2.650739415883224925e+00,5.032664163946536789e-02,-2.881833937840523885e-01,-2.550845558668689783e+00,-7.743667169446365461e-01,1.465711627861099098e+00,-1.818422342447819195e+00,-5.015717574122720457e+00,-3.485019506515231846e+00,-1.318407239884929139e+00,-5.148628180661154907e+00,-3.521555315582014067e+00,-3.328927465824393472e+00,-9.642554907227529171e+00,-1.151925789255845167e+01,-9.619122554525558755e+00,-1.111853447799069095e+01,-1.135362845084980599e+01,-4.654081799151993160e+00,-4.162047660548622297e+00,-4.984502947305263554e+00,-4.780982486127238751e+00,-4.390035148837067247e+00,-5.780381406179098569e+00,-3.824099400734668031e+00,2.651271209858398481e-01,-1.380596848539782817e+00,-5.632740585343619877e+00,-2.903160270495228623e+00,-1.472507361602237630e+01,-1.735095341949185155e+01,-1.608577467612415290e+01,-1.105543869254857192e+01,-6.460671509639001719e+00,-6.626274751731904722e+00,-1.557050904304792915e+01,-1.809287817417893862e+01,-1.547636860663649649e+01,-1.254995961322305043e+01,-5.912654340897861793e+00,-2.803216056817121604e+00,-8.542541196236051348e+00,-8.007446804364942494e+00,-5.878291547392477945e+00,-7.857102662785632852e+00,-9.442641615758228468e+00,-1.157415700339438080e+00,-7.960092861913516948e+00,-1.018696357108053085e+01,-1.512717305433202064e+01,-1.742727403289898547e+01,-7.310017708191968389e+00,1.848693214630025006e+00,7.961733651685277025e+00,3.287816184509592676e-01,-4.330610495620963896e+00,-5.802466532830007573e+00,-5.269641990495869344e+00,-2.766122102413134609e+00,-5.736362523628102394e+00,-1.128847505425232889e+01,-1.186296277883368866e+01,-1.093761865579327619e+01,-1.003132533583721298e+01,-6.200142543318180266e+00,-1.443698426899125975e+00,-3.561427191234848966e+00,-4.671930275496748663e+00,3.146867854267984210e+00,8.513997347940678750e+00,6.039077877250767834e+00,6.919605802243572690e+00,1.284700064652424345e+01,9.792262179303447667e+00,7.713866201569339331e+00,1.250637326699872176e+01,1.510948598765016371e+01,9.067552881652630958e+00,8.094651803930860368e+00,1.262171675723682007e+01,1.255953481742186462e+01,7.503729589181807214e+00,7.275091457344228019e+00,7.922649774122549893e+00,8.391872917341778759e+00,9.036089340321057151e+00,1.142236549775265431e+01,1.216652292074800634e+01,9.564464123724798483e+00,1.355867556159239307e+01,1.398662628137365793e+01,1.292955934283729746e+01,1.393919285746282988e+01,1.016100437699666159e+01,3.674788259192558026e+00,3.433879668181112343e+00,6.430395168905112868e+00,4.683138759087766445e+00,1.284346403923965485e-01,-3.448887347997492192e+00,1.539892009093969949e-01,3.307032252397199557e+00,3.118418917030000515e+00,6.018264895498416367e-01,-2.776662270220784823e+00,-2.015509478604912807e+00,-2.598119040119139633e+00,2.529358285817226104e+00,7.630022566819924634e+00,7.049937093323988435e+00,6.173519833445226368e+00,8.398369289950810668e+00,8.269094764555793731e+00,4.257851649177217368e+00,6.018505958102010389e+00,3.884113457093621768e+00,9.806989663943568303e-01,3.089608187755057411e+00,2.928655055799108453e+00,-1.351675637006726216e+00,3.939891387853706295e+00,6.617491265680149226e+00,3.261297640593439073e+00,1.492758638081823408e+00,2.924484662353824760e+00,1.082579039537820087e+01,1.119272396612355713e+01,8.038923690759718355e+00,1.413961918840662912e+00,2.060488902179832049e+00,4.311445456772704077e+00,6.574453599535369230e-01,1.240885666811442967e+00,5.301455073987539457e+00,6.171753548319719229e+00,9.847099547956474908e+00,8.575004368322209913e+00,2.045680388774120395e+00,-2.567054113081764122e+00,-2.522190848226112170e+00,-8.358545052430167432e-01,2.066264469361247524e+00,2.882756673553347415e+00,9.324604044361480826e-01,4.642598582249650718e+00,6.384125669682108040e+00,6.657762827609084333e+00,7.359876335478145570e+00,2.261270106488305842e+00,4.429032967618063310e+00,5.491302285067705569e+00,4.788605092861836887e+00,1.517024772048820802e+00,-5.279448213224909203e+00,-1.694090141689367002e+00,1.107024529237874644e+00,-3.599247642263581626e-01,-4.820884658834735936e-01,-2.043699832108949455e+00,-6.482196726027727784e+00,-7.426709404202608944e+00,-1.128819679169830614e+01,-1.212255900293182620e+01,-1.216918756789625178e+01,-1.743405689550429472e+01,-1.780244185340358598e+01
-2.059115278562248363e+01,-1.716422542976727073e+01,-1.617498300466020922e+01,-1.901075834962164990e+01,-1.537017967377899197e+01,-1.060034076178285645e+01,-6.506388558407978806e+00,-5.513540986289969581e+00,-8.577644083140311793e+00,-3.512638236544185055e+00,4.042864995499201086e+00,7.927990045388536799e+00,-9.189855404610065559e-01,-5.219170570302625656e+00,-8.298184815502402500e+00,-1.097129364025988707e+01,-8.317810585532477319e+00,-5.704994354034957027e+00,-6.724958747153221950e+00,1.637926616877181385e-01,3.969739885776857324e+00,1.040144734582815644e+01,5.676354730737642740e+00,-3.533266499777409919e+00,-1.009042211085285778e+01,-9.712044958162342922e+00,-1.422341317457525989e+01,-1.514887235473305971e+01,-1.910753005860116005e+01,-1.766445116423400918e+01,-1.655450680561912691e+01,-1.467134863816731638e+01,-1.425821980691324065e+01,-1.430734992072998679e+01,-1.340526601209340463e+01,-1.611401101254604740e+01,-1.445943548226664888e+01,-1.391829086297746976e+01,-8.495538330374635905e+00,-4.384904510581954185e+00,-6.302963849993120427e+00,-8.696769444640725766e+00,-1.127164569379165115e+01,-6.901017562908991820e+00,-4.720751752296003190e+00,-3.730956904173584832e+00,-6.847183498131260038e+00,-1.298528259474999835e+01,-1.667089948397292432e+01,-1.557467881551397326e+01,-1.701384828783208647e+01,-1.573207622019210561e+01,-1.307106295114877170e+01,-1.451730328129809067e+01,-1.588393245606402893e+01,-1.743000648302644962e+01,-1.770106431520865087e+01,-1.792301713238279604e+01,-1.320427773314429665e+01,-1.042030558840815857e+01,-1.183843185823308097e+01,-1.334668488465927538e+01,-1.260881160777919163e+01,-9.330061817093250554e+00,-1.567188867105096151e+01,-2.464302608341727208e+01,-3.148803249108873104e+01,-3.744197928621212412e+01,-3.614047497510287599e+01,-2.860957100813143583e+01,-2.488836227945746415e+01,-2.242521062779319507e+01,-2.142544320475593267e+01,-1.814654720044051572e+01,-2.167189974764412952e+01,-2.622546464129044708e+01,-2.610011324619712525e+01,-2.606353922948962420e+01,-2.799270337034655043e+01,-2.956424146577470680e+01,-2.912401275807563295e+01,-2.700574874389978675e+01,-2.277158214426316007e+01,-2.269851592755722436e+01,-1.621344632832381194e+01,-1.091010352198179589e+01,-1.009688013990893651e+01,-1.054011133735749972e+01,-1.075570979774055402e+01,-1.961986437271937689e+01,-2.553225568147059477e+01,-2.535041104381502919e+01,-2.545169597587175403e+01,-2.780750936035544640e+01,-2.798510033403525554e+01,-2.189791011663729492e+01,-2.280627073573034735e+01,-2.448786343482762717e+01,-2.656495380028635012e+01,-2.556881425213825665e+01,-2.612135332881995353e+01,-2.576034557579090389e+01,-2.279720513613360211e+01,-2.167959164736601352e+01,-1.998244126742153881e+01,-1.757085872711077812e+01,-1.639226331905555156e+01,-1.872686695776508614e+01,-1.672373149679270199e+01,-1.848552168892611647e+01,-1.574612158818663943e+01,-1.417425578486408888e+01,-1.968658642666755654e+01,-1.685921884586518615e+01,-1.281598751623739574e+01,-6.655367988890041886e+00,6.823788544791954680e-02,1.930225641615716414e+00,2.369184542377487990e+00,4.703593564293775842e+00,3.543549897505224866e+00,1.896624418385843613e+00,-9.762038226483917835e-01,-2.178665220295285199e+00,-3.491270582791640376e+00,-1.168606217904021305e+00,2.769269052982917589e+00,5.899688375027605236e-01,2.333482086609743877e+00,9.555886304849432467e-01,2.126991569077445465e+00,3.309849508327316503e+00,4.704500480748659896e+00,-1.956880195089289731e-01,-7.071126022319375259e+00,-1.594271589244760889e+01,-2.022493213997325512e+01,-1.626692550440911944e+01,-1.345134358229001137e+01,-1.048941043158220765e+01,-1.339991986552591818e+01,-1.474924896595735824e+01,-1.377739064149659853e+01,-1.112106231228325370e+01,-6.827817060019500950e+00,-3.527969638733837954e+00,-4.905943389360619911e+00,-7.894882548714830861e+00,-1.171969311685010950e+01,-1.248298409237708029e+01,-1.309076213152516388e+01,-1.131158146030810485e+01,-1.231962411344441399e+01,-1.474807959859096229e+01,-1.246729386207813661e+01,-9.991014961078667156e+00,-1.137084010094886821e+01,-1.424542031978223910e+01,-1.666654040522603708e+01,-1.711717480832952987e+01,-1.252890127514990759e+01,-8.534654485227376242e+00,-7.589374419741305111e+00,-8.421839284136328985e+00,-1.079268682756194409e+01,-1.234825205538815140e+01,-7.328998537453965234e+00,-6.264410083421943831e+00,-7.001473363187926680e+00,-9.013920881841182009e+00,-1.164067668397979105e+01,-9.034095066457869194e+00,-8.524840047353716699e+00,-1.039580353554978132e+01,-9.924904040834194419e+00,-8.848576206461833848e+00,-1.115710335607033699e+01,-1.263326467505656225e+01,-1.111080154248720575e+01,-8.361162175676996711e+00,-1.169485438213556172e+01,-1.024622725996251660e+01,-8.229134491910176763e+00,-5.453856566288237673e+00,-6.240901693403834827e+00,-3.260929866766089980e+00,7.497445051302735752e-01,2.317484495707497150e+00,3.235212222672738225e+00,9.463216816270811904e+00,1.292882359082720711e+01,6.580053983866008593e+00,9.246572411595929353e+00,1.024811737014311674e+01,1.180109087209024921e+01,1.355847995170407927e+01,1.208528754057151033e+01,1.256811089728026332e+01,8.102180541812304071e+00,3.952384900147889457e+00,4.478713163721595336e+00,7.782587690362435140e+00,7.981316537166220471e+00,1.391658245079048584e+01,1.721306501373603481e+01,1.471443525201108571e+01,1.404389966500416520e+01,1.289328189189419405e+01,1.431969492514339137e+01,1.298965263170260087e+01,1.276851307633446453e+01,1.415944099776816500e+01,1.954917146719647336e+00,-4.263295937132300928e+00,-5.812582431891350154e+00,-7.324003914667366999e+00,-1.011410763971295879e+01,-1.084638793045527372e+01,-1.277309191720405224e+01,-1.354721549780275325e+01,-1.590930926394770850e+01,-1.519178435426573337e+01,-1.674826068730409645e+01,-1.927348299685952782e+01,-1.690576599445201111e+01,-1.743181175788018678e+01,-1.818362905685325970e+01,-1.940049075840963155e+01,-2.388385686445622369e+01,-2.130953560507833799e+01,-2.106194255671655924e+01,-2.434148333756045091e+01,-2.368108748521029128e+01,-2.086452307887693181e+01,-2.119700631681921976e+01,-2.490122853861527830e+01,-2.224398450703904828e+01,-2.247109389216381814e+01,-2.582358898265727376e+01,-2.494919829740701545e+01,-2.694429272595803582e+01,-2.771528878810201135e+01,-2.328517551543163933e+01,-1.842256041664842670e+01,-2.031681714800976835e+01,-2.691761699380698047e+01,-3.041661260370795361e+01,-2.913591671283775142e+01,-2.434578492880139322e+01,-2.355757062468436658e+01,-2.326485823061298319e+01,-1.948702611778857730e+01,-2.351111381840017955e+01,-2.507181433363168921e+01,-2.342381108616337571e+01,-2.473122342925369566e+01,-2.475717443918328797e+01,-2.583593136081954000e+01,-3.104419146202813451e+01,-3.578028992912439321e+01,-3.532240182436991205e+01,-3.174809801790168606e+01,-2.154291024968201995e+01,-2.132162155861756858e+01,-2.551825273555871476e+01,-2.855987627627452241e+01,-2.592133803381867807e+01,-2.429583407423634966e+01,-3.538683371893695551e+01,-3.803459406036375157e+01,-3.298742199138392550e+01,-2.649629269316664448e+01,-2.305117073375604519e+01,-1.737416084392719995e+01,-1.478322701530285777e+01,-1.339931928881535939e+01,-1.247401307935234627e+01,-3.654349861169433389e+00,2.612486990169511802e+00,-4.112069573426093250e+00,-9.425818244154973158e+00,-7.257906701389073234e+00,-7.308953615471940779e+00,-9.155415405130446160e+00,-7.229824514854853668e+00,-8.279300244856127478e+00,-5.968859620860705206e+00,-4.370710862652630091e+00,-4.293298991053706715e+00,-5.820101498316444300e+00,-6.765718404161865429e+00,-8.975587330741275238e+00,-1.265694991524957125e+01,-6.921169158048961378e+00,-6.018915213179595547e+00,-8.067392889446614035e+00,-6.187999765115623774e+00,-7.475785190509683709e+00,-1.020372350076212520e+01,-8.246871984730969274e+00,-1.180041455629174152e+01,-1.712262210902801129e+01,-1.738651162441072628e+01,-1.660646900709642892e+01,-1.809008077097114153e+01,-1.506188168088322321e+01,-1.963791885968899109e+01,-2.224148156020443778e+01,-1.941999714689921674e+01,-1.946774914281747471e+01,-1.855906842736150963e+01,-2.361285780704001880e+01,-2.705153428915223301e+01,-2.601160107820948753e+01,-2.369934032690628101e+01,-2.336211933155364662e+01,-2.792527433580991669e+01,-3.168970218810427397e+01,-2.898542458113376341e+01,-2.450756701366772816e+01,-2.390549382121739086e+01,-2.585974862766947169e+01,-2.655892064040945399e+01,-2.423218422408206152e+01,-2.008285623314701951e+01,-2.206315356602712541e+01,-2.316362071167543846e+01,-2.254990162029853451e+01,-2.266978435199223085e+01,-2.541988799772840935e+01,-2.820676493308139143e+01,-2.697125555261581908e+01,-3.077073447104728388e+01,-2.892638672157093893e+01,-2.177643228083256233e+01,-1.896626454813256402e+01,-2.163883006150240362e+01,-2.096517956972656549e+01,-1.482278941110450710e+01,-1.567100171771918582e+01,-1.094797663934661713e+01,-7.196623988618103596e+00,-8.766938908832447197e+00,-4.833978713184858833e+00,-2.273370067325282573e+00,-4.442343764534840034e+00,-4.292619184233388729e+00,2.065323082463954574e+00,2.846509219044703887e-01,-1.480628198619158425e-02,-1.455125816987751675e+00,-8.684504785412501260e-01,-4.255333979283761003e+00,-7.279732816480177782e+00,-7.030349852048010995e+00,-5.507148649847174227e+00,-1.233965474124603823e+01,-1.874917256625950657e+01,-2.508688102385838903e+01,-2.397407200951757389e+01,-1.951661470130015985e+01,-1.330987346110474689e+01,-8.354559062786783841e+00,-4.977365625816250194e+00,-6.241863940220065743e+00,-6.111712382804364907e+00,-5.995467214325294059e+00,-8.612230740519034811e+00,-1.208884029420926076e+01,-1.197759453846580513e+01,-1.372604906802453506e+01,-1.349498568285360278e+01,-1.215441554680391079e+01,-8.399807091131304304e+00,-1.134562147837168844e+01,-1.288317694469055930e+01,-1.241538627154052499e+01,-1.504798741761947056e+01,-1.061379244003460798e+01,-2.462460033699344297e+00,-4.066123803227140066e+00,-5.792956586918507789e+00,-4.865006566909868546e+00,-4.832588746590149142e+00,-6.559468944372301102e+00,-8.509795043211699550e+00,-3.640449675927441398e+00,-7.475925115067455495e-01,4.031607099020933838e+00,5.586089750453441916e+00,3.993410980508466102e-01,-8.742197984479258110e+00,-9.784723625445698403e+00,-8.089667523127783255e+00,-1.070983318234102022e+01,-1.128528845275839210e+01,-1.231527635511503860e+01,-9.580803781966002575e+00,-9.142325434927840888e+00,-9.384573920980677997e+00,-9.613768758247273283e+00,-1.077188459875225313e+01,-1.027775010132354971e+01,-1.171257177376813097e+01,-1.201814798638923421e+01,-1.289739148446182249e+01,-9.680094075113622409e+00,-1.091699550550866959e+01,-1.432784436591670030e+01,-1.092116377727589871e+01,-1.174280176259656727e+01,-1.272550840122670657e+01,-9.275488508381464214e+00,-9.351436689940610947e+00,-7.016331324626183807e+00,-7.087165735623226492e-01,8.756890489543176059e+00,3.320245753138614919e+00,1.035059566687487775e+00,-1.103889311250930261e+00,4.960609567820812860e-01,1.991156227673039902e+00,-1.282824954014544083e+01,-1.387839759311214927e+01,-6.381472620100720583e+00,-7.404608162292817042e+00,-6.276612622458602964e+00,-4.907942839387756884e+00,-4.177806094391231184e+00,-3.354860123178294629e+00,-2.803815896927476903e+00,-7.262094560594941406e+00,-1.149956430963106513e+01,-7.737660615855593171e+00,-1.166767558354123757e+01,-8.498677722812612245e+00,-1.083846271911912140e+01,-1.143000897770499336e+01,-7.391958957697958077e+00,-5.514644880975979824e+00,-4.372409537428882054e+00,-4.368504182672438674e+00,-7.924127174636785398e+00,-1.029169837163073531e+01,-1.238185289972146030e+01,-1.467684050672052365e+01,-2.079370173162768509e+01,-2.470375805528893309e+01,-1.846922546755912009e+01,-1.455170566025324597e+01,-9.861244287959525678e+00,-8.767026305738845338e+00,-9.108598779011133573e+00,-1.370243684224702641e+01,-1.415634501717937432e+01,-1.389078185188629355e+01,-1.226041771905147293e+01,-9.156085044479601365e+00,-1.080853680401811090e+01,-1.293862000510310750e+01,-2.174742309474293833e+01,-2.021030437976962446e+01,-1.240593405445816622e+01,-7.102502177605149569e+00,-1.144461043103002140e+01,-1.644763868061983558e+01,-1.601623954099106939e+01,-1.737709440671934757e+01,-1.685776222538058633e+01,-1.574633851294442799e+01,-1.388322660974843359e+01,-1.253914065176197212e+01,-1.202169811063793148e+01,-1.264243223537436123e+01,-8.553028662959276218e+00,-1.158760412726395117e+01,-1.321803963339974075e+01,-1.325677719955459999e+01,-1.472048300033390866e+01,-1.105746280831187534e+01,-6.999513095036427934e+00,-5.117697113093399253e+00,-5.160481018451368307e+00,-9.011208506494391202e+00,-1.181046631874070840e+01,-1.401851764928637323e+01,-1.427305485458079737e+01,-9.738163426882250562e+00,-1.371349278302614572e+01,-1.529616670179060023e+01,-1.255395761827289469e+01,-1.041188478121451766e+01,-1.142062272814248836e+01,-1.430511070353442271e+01,-1.648679848073485488e+01,-1.392531004437898368e+01,-1.099640005227836603e+01,-1.132004836222983357e+01,-1.655735477447025872e+01,-1.916170102342105963e+01,-1.581247176965396761e+01,-2.003474753657284069e+01,-2.084329022520866204e+01,-2.034271820707526857e+01,-1.520485547931189529e+01,-9.693656471325599711e+00,-6.510681162290567592e+00,-1.228716081426617102e+01,-1.517595773017536409e+01,-1.471688718256861250e+01,-1.076777412665529177e+01,-7.417578174845170125e+00,-9.681378887452574133e+00,-1.268769493679720206e+01,-1.147829058675684522e+01,-9.031329446938649141e+00,-1.698954911932091916e+00,-2.139854520113393388e+00,-7.200769683573986946e+00,-1.729580891147071808e+00,-1.647405465989538298e+00,-1.609468733125792417e+00,-1.671262833666079528e+00,-4.249250940788860120e+00,-4.103169331368253125e+00,-5.296256934036103203e+00,-5.484729986315421968e+00,-4.195618395669995060e+00,-6.214923656647697747e+00,-5.613111377276212011e+00,8.892106213972124085e-01,2.472769338584941412e+00,-1.674509206149605578e-01,-2.914494328652880384e+00,-1.088995969286909782e+00,2.295421222214491852e+00,1.198510839153529739e+00,-4.324184438742020298e+00,1.283194250653963531e+00,6.526528835376890214e+00,7.611669512789241310e+00,4.730515096373441253e+00,3.859437133153733601e+00,-4.413584647406680883e-01,-2.927484106217070448e+00,-2.080578148749922807e-01,-1.992849312673515838e+00,-3.694859261360752267e+00,-1.049227391965225520e+00,7.423412480202209451e+00,1.072289935680748840e+01,6.014447175214945318e+00,5.950553727423656625e+00,1.612442667702669974e+00,-3.121031306437037856e+00,-2.278995152295891113e+00,9.293035722423178768e+00,9.469143296833768986e+00,-1.866290602187309355e+00,-2.068541608914581609e+00,6.806348774447798178e+00,4.831069310817630580e+00,4.223152864967310904e+00,2.188647324885576229e+00,-7.377580638309305883e+00,-1.537691761296889403e+01,-1.076748686669322197e+01,-1.364962386924800342e+01,-1.293674152009894485e+01,-4.762789569971627834e+00,-7.706075042446999923e+00,-8.307856506489500248e+00,-5.949550829580682709e+00,-7.395817071026695722e+00,-1.043518635184203802e+01,-7.782710571427787549e+00,-6.199496112464046860e+00,-8.622633385816795837e+00,-9.796163741851639628e+00,-1.008171834850649873e+01,-1.393161242737215844e+01,-1.398189953510964934e+01,-1.528052273258809990e+01,-1.740916498388691025e+01,-1.562851355535558362e+01,-1.154100686727140257e+01,-9.659100977766946983e+00,-1.244769414062235491e+01,-1.133283439441544793e+01,-2.883494822267361091e+00,-5.389434986140155814e+00,-4.658341336072481909e+00,-3.132116864226221153e+00,-2.986327958431780782e+00,-5.358981397229950261e+00,-4.690673318610152798e+00,-4.124735774316186543e+00,-7.745555864121484113e+00,-9.680170959282008880e+00,-6.280689129607704757e+00,-6.336331495500571620e+00,-4.704639311447835759e+00,-8.677014150901724676e+00,-9.429840031056199834e+00,-3.998373734012345970e+00,2.494358707194007096e-01,2.208647367278401052e+00,2.298733470026255610e+00,1.114469384618751446e+00,-7.130159108695151016e-01,-1.812073665661199096e+00,2.841994570034170220e+00,2.642038200071587628e+00,-3.857353487488563104e+00,-5.061964208833541257e+00,-4.339468614846791361e+00,-2.907721856493734602e-01,-1.616150148478360249e+00,3.339808139538746889e-01,-6.884451726761706691e-01,1.208591390394765819e+00,-5.558516092285202825e-01,-7.555919863681505255e+00,-1.412108959843574851e+01,-1.680335827964704976e+01,-1.907074819655910147e+01,-2.051343613993469717e+01,-1.735209391849937788e+01,-8.124664074380325118e+00,-5.320608170273563253e+00,-5.581193739590166736e+00,-9.589327170125564237e+00,-1.147670745173597773e+01,-8.090139947340226456e+00,-6.188180188601479337e+00,-9.936764811200928804e+00,-9.181410096193911130e+00,-8.919965316918014864e+00,-6.136260447669456219e+00,-2.160889792928609499e+00,-5.832921839755451643e+00,-9.113763815592085038e+00,-5.370104842548992785e+00,-9.949893425709513961e-01,3.511633810718176818e+00,3.208726056411108640e+00,1.550332430459987032e+00,-5.310900867443925755e+00,-4.603576287524972166e+00,-5.930585765338811655e+00,-6.441820985702928049e+00,-6.608396791113268165e+00,-6.371930185106718270e+00,-7.467009041751763831e+00,-8.730798185991734073e+00,-9.089935106774900575e+00,-1.130816882688733038e+01,-1.324152582295849001e+01,-1.330535593256258409e+01,-1.645298196957406134e+01,-1.674005601609210814e+01,-1.701525452998132693e+01,-1.349401054210354012e+01,-1.547946840110064670e+01,-1.676408850801699302e+01,-1.690646045805067743e+01,-1.900579797095118195e+01,-2.144263175937473420e+01,-2.348310801080272014e+01,-2.171974362388922941e+01,-2.331894903289451904e+01,-2.283189691985834813e+01,-2.600230350759396813e+01,-2.795952974298522165e+01,-2.646789156835097145e+01,-2.354949482193863020e+01,-2.570267839485973838e+01,-2.682683721644595565e+01,-2.898193717267353264e+01,-2.541745168717938697e+01,-2.532619891511382448e+01,-2.491668642801440470e+01,-2.054370219698212807e+01
-2.179727934588323990e+01,-2.348587507354473303e+01,-2.506821994737617842e+01,-2.967127677348143067e+01,-3.094942329332428699e+01,-2.601851156799089893e+01,-2.433284455731444496e+01,-2.484083484108273154e+01,-2.204735443183582788e+01,-2.204896106531055722e+01,-2.683714035762854522e+01,-2.391728245774253026e+01,-1.953790277365803618e+01,-2.109235825198435066e+01,-1.736544804410505805e+01,-1.785569626219341188e+01,-1.925643034104567519e+01,-2.152730078734500552e+01,-2.250790760252526468e+01,-1.705900301621933934e+01,-7.725269008937079462e+00,-7.612302549710204147e+00,-1.219091276179812944e+01,-1.519908107829114208e+01,-1.357984023830387876e+01,-9.845556068317947052e+00,-4.806555892749567960e+00,-2.109776114636093602e+00,-3.894492683470616612e+00,-2.624470785866137135e+00,-1.897278250704416358e+00,-6.794403274037029705e-01,-8.337704432963867207e-01,-3.500754922532738789e+00,-7.078051218628303332e+00,-9.807045645045638693e+00,-9.459525960126594413e+00,-1.009912609741599709e+01,-1.090811286234642985e+01,-4.194210526438300946e+00,-5.364896153341726093e-01,-9.347573340564380162e-01,-4.710952052537425772e+00,-4.880773007843899336e+00,-5.876305535099205501e-01,2.252414793179627672e+00,3.478051201040122109e+00,-3.341104532747362299e+00,-6.765384943560317055e+00,-2.180713822988050943e+00,8.946078726810203774e-01,4.045989386479647010e+00,8.125476824523348851e-01,2.329059157986809181e-01,2.530038448535972817e-01,-1.822847588920429196e+00,-4.660059364806032889e+00,-2.640737252300061400e+00,-2.218674636719268456e+00,-5.170426979046488514e-01,2.903480220785763954e+00,1.877836162016076393e+00,-1.316966920276585462e+00,-1.231397267215622454e-01,-3.498372198231670893e+00,-5.933134992692508547e+00,-5.379596067043856067e+00,-2.900352848718382504e+00,-4.325519909841723382e-02,4.364104857026442019e+00,2.187211335597104345e+00,-2.477050130229098812e+00,-6.729288153638933068e+00,-7.331330395260943433e+00,-3.507149016606355474e+00,-2.076675613184596259e+00,1.910301876065068072e+00,3.250876063741532374e+00,9.732354098622931771e-01,-3.682854256223688338e+00,-1.007170716804417232e+01,-1.536335702706105089e+01,-1.631832217398465446e+01,-1.832199079838769862e+01,-1.776281292327255557e+01,-1.867062838606219799e+01,-1.879514629433539952e+01,-1.950395289589166126e+01,-1.864540400741655546e+01,-1.691267781708109297e+01,-1.539749352440836283e+01,-1.537005057798377727e+01,-1.403336602893601004e+01,-1.258664179768097391e+01,-9.271607263488826689e+00,-7.116595069137058971e+00,-4.532343617271941127e+00,-2.005282264395423120e+00,-6.402563701445643574e+00,-6.870643334498689470e+00,-6.169038363039183182e+00,-6.805210928710110352e+00,-8.546351834620892873e+00,-7.924775124022200856e+00,-4.002378482411153016e+00,-4.351906715276863125e+00,-1.769148405480055475e-01,-4.074440282294551352e+00,-3.976931084173461528e+00,-4.370308040161754448e+00,-2.864502572041748962e+00,7.085387867309539400e-01,4.468850237950727333e+00,9.371507135544682399e+00,1.071847331851367535e+01,1.051900218997292491e+01,1.124295503256322526e+01,1.424816603542424964e+01,1.677417993560483467e+01,1.522529596686473141e+01,1.585140067519378704e+01,1.488755968913179828e+01,1.228497817657431135e+01,1.039756799865338266e+01,1.424764268109363030e+01,1.608092402657847586e+01,1.725892074959513067e+01,1.677399988979729883e+01,1.792205743406709928e+01,1.891594707934587305e+01,1.981960365808899027e+01,2.016045573819629766e+01,1.484989983601354346e+01,1.055946800614391456e+01,8.034422485913802703e+00,9.796093942442659852e+00,6.007669117970951156e+00,5.131742030092903306e+00,2.096298196697908622e+00,-3.764340522887420493e-01,1.144026391225630768e+00,3.472840342749115461e+00,6.584415940835910419e+00,6.061145828424728599e+00,4.889904708126424637e+00,5.846742751080909350e+00,4.091575608621473847e+00,7.503063246051578261e+00,4.898757930064888022e+00,2.287602832462781066e+00,9.542952960785456851e-01,1.384193949942836177e+00,-2.099862188996619139e+00,-4.826759384247971241e+00,-4.512864124464234905e+00,-2.916609996553551909e+00,-5.441787407194045301e+00,-6.291250765281025892e+00,-5.738676713841844190e+00,-2.491129857317840646e+00,-2.366264837913086838e-01,1.045035118143330166e+00,2.950464610998336568e+00,4.356600950308100018e+00,4.711645403733476734e+00,2.571064803747790339e+00,3.960524395881748205e+00,2.943583240136932400e+00,2.157625144983263521e+00,-1.441416836531069778e-01,-3.768510239059562394e+00,-1.370022731218537793e+00,-2.961861530815791399e-01,4.715428812454803414e-02,-4.773621022739979125e+00,-2.237386682677183103e+00,-5.087004842201189092e+00,-7.665033031748706094e+00,-7.274432487583989415e-01,4.578392569194511097e+00,4.705264658839351632e+00,5.233613918294036438e+00,-1.118624903782717617e+00,-3.107921980561616948e+00,-3.607776507502476804e+00,-4.199915862514135512e+00,-3.918540645295909286e+00,-3.267380551071218164e+00,-7.288270512721529926e+00,-9.505225745332811726e+00,-4.393975509855483352e+00,-8.606877923177363998e-01,-4.464155329266901617e+00,-6.122290683236665032e+00,-5.541524036787384588e+00,-8.528048062791398820e+00,-7.766463517383254356e+00,-8.866927003270925312e+00,-6.675071148792049769e+00,-2.138237069975557070e+00,-4.278331649722927565e+00,5.159077242716301193e+00,5.940298257985918262e+00,1.258000864374439587e+01,2.134358913782724798e+01,2.234521846516380350e+01,1.832081596662373357e+01,2.081087476334513653e+01,2.257705164756032801e+01,2.099849169052637876e+01,1.805562038849696549e+01,1.633134953839890713e+01,1.976511036402325416e+01,1.539582430096392685e+01,1.647258874127738437e+01,1.984875415083931216e+01,2.555687210202555093e+01,2.315103199005496748e+01,2.420322136506819888e+01,2.436617344265518526e+01,2.021190868563973453e+01,2.150363577435168594e+01,2.347133307878075925e+01,2.778718672168041692e+01,2.719804467252210856e+01,2.354801700070924397e+01,1.658002840627128194e+01,1.231405392730226112e+01,1.401989499462480637e+01,1.940372873997078429e+01,2.090062092982076791e+01,2.223986808053018649e+01,2.369633988139987935e+01,2.658884764049601301e+01,1.784568641039485470e+01,2.132643738224540897e+01,2.424326699089231241e+01,2.354877331380022198e+01,2.002355356933496822e+01,1.489491672185898530e+01,1.688614198680999579e+01,2.051751303359916534e+01,2.567157650573606986e+01,2.911960051210097333e+01,2.381545954408439414e+01,1.833820574417809013e+01,1.235615148248707129e+01,1.719963742160254228e+01,2.218305450236248433e+01,2.104504586756317508e+01,1.450793716732424876e+01,9.204098175441846053e+00,1.134386074193105820e+01,1.864267394123844213e+01,2.216800096651677165e+01,1.995998951647270303e+01,1.438573799878643733e+01,1.290412735939518285e+01,1.563429858671081440e+01,1.796414802419512213e+01,1.830586276620717356e+01,1.022373856823264937e+01,9.600574126801163288e+00,1.221141956727747591e+01,1.390233025950455215e+01,1.139371417236698214e+01,8.955036836784167065e+00,1.361400689468699987e+01,1.568893650614587898e+01,1.228158979596024203e+01,5.008294661460447550e+00,-2.579361504675157235e+00,-2.963449517448561110e+00,-1.673120097458434152e+00,2.511983676309260449e+00,2.706506621447749783e+00,4.275216006344110253e-01,-1.937162516305918736e+00,7.333545717419005960e+00,1.016901063555720697e+01,1.083610209535557445e+01,1.126497710524101237e+01,6.165698393611801720e+00,1.093169511741511357e+01,1.338556728983111910e+01,1.561636226088853263e+01,1.692272500435651139e+01,1.784291585226724308e+01,1.647161933996979499e+01,1.460696790272782231e+01,1.322881212426866959e+01,1.060624400502684139e+01,1.209045102038625963e+01,1.281862227116277353e+01,1.692244341159268473e+01,2.209152594464408281e+01,2.694828365111315094e+01,2.937529595343954725e+01,2.715995335162868685e+01,2.720737351003568705e+01,2.930506095713106163e+01,2.862739134006414687e+01,2.929760302192545396e+01,3.102055424318787047e+01,2.954513257511011659e+01,3.135130017957030546e+01,3.139318877516188877e+01,3.051083863027012555e+01,2.898214332692968398e+01,2.669327521475379328e+01,2.785123614160795213e+01,2.425350273464940187e+01,1.862767216401157810e+01,1.913664125693707163e+01,2.026203770649726010e+01,2.041939665038642460e+01,1.895844510646850978e+01,1.627738142101675223e+01,1.449737805437004923e+01,1.217944614042891516e+01,8.188568434332740509e+00,8.576041695486887662e+00,8.282809648685999449e+00,1.133757885732985038e+01,1.342562929643940883e+01,1.056847674933447934e+01,7.779154749285146053e+00,1.117284830240154569e+01,8.932479438839331820e+00,7.920698693153683578e+00,7.740914547623845010e+00,1.054342533742198107e+01,6.190623496426829853e+00,3.376964100121631507e+00,2.972969837057005460e+00,3.105573567294972914e+00,4.932305855118077176e+00,7.244615317369407670e+00,7.731869828049582338e+00,8.680350732800114599e+00,1.102286757033070330e+01,6.918032731671776681e+00,6.968362432201188561e+00,1.007490706387837598e+01,8.935791915361336990e+00,7.795645875232261268e+00,8.879042022984737770e+00,1.064146601419733784e+01,8.517447686004111063e+00,1.185353457943091904e+01,1.049767516555296432e+01,-2.134607235820341842e+00,2.698614912435343127e-01,4.868849063691338408e+00,1.773542408796723979e+00,3.971560900211689837e+00,9.327135375590879462e+00,1.058009805190525121e+01,1.517669046949843548e+01,1.237747789566524048e+01,3.768286721377144932e+00,4.156494789561815395e+00,4.674759138640869338e+00,4.945774278051068507e+00,7.543041364466104071e+00,6.477008167187966237e+00,3.334094477749796503e+00,4.716430504525147782e+00,-1.674394253564219115e+00,-9.912198921380799277e+00,-8.121890455663708153e+00,-7.111345478123238806e+00,-4.146583641039748969e+00,6.143790283672001529e-01,-1.244635433353127540e+00,3.686989996633968092e-01,1.333785106597917602e+00,4.360692749309604821e+00,3.995520887482905792e+00,2.276432280701613742e+00,8.422501589736528516e+00,6.336345576370712607e+00,9.183606427552065909e+00,1.318024188934175633e+01,1.753876598117696872e+01,2.107704432569932607e+01,1.894727321680518273e+01,1.358024258766975478e+01,1.413513896913048207e+01,1.713804520617172855e+01,1.133971039407597203e+01,8.692817598195720308e+00,6.876494346723071693e+00,7.956208825831909692e+00,8.007336184000330093e+00,6.610083923072012091e+00,6.589555670214083172e+00,9.356997904774997821e+00,7.389651013410456493e+00,5.814782233871874872e+00,5.186782763875260827e+00,2.825522160114369186e+00,1.074655691872065999e+00,-4.147677420526250103e-01,2.954558836297131563e+00,-2.862108324331733011e-01,7.680046027450057600e-02,8.710267989365253483e-01,1.764201451999017234e+00,7.997372669664580824e-01,-1.265055540244262033e+00,-1.198709217848253239e+00,2.865593422229827603e+00,1.069053278366598470e+00,5.046389434605003110e+00,1.088868509358142056e+01,9.362743053455339748e+00,1.187678098889998424e+01,8.179447341865198950e+00,5.355597524855802760e+00,1.141812174333964869e+01,1.364040371001371277e+01,4.419259006166063486e+00,-3.235615324026072104e-01,2.493404845383028423e+00,6.839611302247978308e+00,4.878657611118953241e+00,3.734465588045159379e+00,-1.800495622021920816e+00,-9.413843267047586894e-01,2.931419375775008884e+00,4.015826451133792219e+00,3.472214388911016858e+00,2.731957979954418470e+00,4.345609746344813118e+00,5.887633250407340313e+00,8.984415454916767629e+00,6.551449643498354014e+00,7.932569654208990073e+00,1.039320477481020077e+01,6.865730844971140279e+00,5.701175075065255449e+00,7.315334455217463727e+00,3.844694820388931511e+00,5.503495686441201684e+00,2.522529648526697699e+00,4.232416748303256426e+00,3.825946223534657964e+00,-2.591211106324228464e+00,-7.677107419167557900e+00,-3.310416048308163273e+00,2.392769640693333422e+00,5.568973516923333200e+00,1.296280379925344617e+00,1.304756767350369273e+00,4.373570638559551860e+00,-1.935445298710652684e-01,-8.823315318144656416e+00,-1.433708486684542294e+01,-1.236486323797365827e+01,-1.547115588577444001e+01,-1.551833455081703228e+01,-7.421774291859991379e+00,-2.097934595285404935e+00,5.144682451363590259e-01,-2.362383218432316134e+00,-5.570823580835225997e+00,-7.555371445305939737e+00,-1.063857282089433909e+01,-7.612754158804405868e+00,-2.170418148734918784e+00,5.014058036767926607e-01,1.129571737488006988e+00,1.254773766452004224e+00,8.815798486659318201e+00,8.499691532178207609e+00,4.198750797832501824e+00,3.472879996943118108e+00,5.548903120148125367e+00,3.076063071603446275e+00,3.822484890376361133e-02,-3.177928153107081322e-01,-8.925242950797239727e-01,1.316509921835164576e+00,2.898120946581767221e+00,1.610806281807069862e+00,1.971225227433144100e+00,1.073535897440563769e+00,1.875796672931978160e+00,3.576190164171183294e+00,3.752321229420569448e+00,6.484491295511062958e+00,6.833464770156580492e+00,1.369496421053447932e+00,-2.921536209023113173e+00,4.412099689328908420e-02,4.080543131234417586e+00,4.760525465522578159e+00,6.178540921494628080e+00,8.479557558153343777e+00,1.130821564728518069e+01,9.933991885656023868e+00,8.893680117489020986e+00,9.064531046841725725e+00,9.872010289978899067e+00,2.771464865199089189e+00,3.043642609819579459e+00,-6.154323715193578126e-01,-4.146426893713268669e+00,-6.952518009746485816e+00,-6.643807568401172148e+00,-3.406573234536026007e+00,-9.344424012368809374e-01,1.370557800905008783e+00,6.732887209158587183e+00,1.204210213849884603e+01,1.396254765051903668e+01,1.125671704997523825e+01,1.081360450534112161e+01,1.185570610750222187e+01,9.783862298112353528e+00,4.583383834526463474e+00,2.466118230609906536e+00,6.089797200577008240e+00,9.526146954957868118e+00,1.007662524554579697e+01,1.201270664174806058e+01,1.329039255225373495e+01,9.807278631798508783e+00,8.374692505035033818e+00,1.429975623922754480e+01,1.561680369335088159e+01,1.720633709218478202e+01,1.341017475212047927e+01,8.167944084911848535e+00,1.027298494997091716e+01,1.250142221408594345e+01,8.406775731317278400e+00,8.017461196209366037e+00,5.876948082287179354e+00,-1.773262214210030940e+00,-1.991022951546433717e+00,-4.302730538878476452e+00,-5.926180773941965185e+00,-5.998199922120653227e+00,-7.122615220392251700e+00,-7.122924237616935272e+00,-2.545151055874422141e+00,4.450694971840523984e+00,1.062579116287309944e+01,6.819078524257712104e+00,4.073996685255802497e+00,5.847414517578061854e+00,4.483695655401575664e+00,3.077398961757670248e-01,-2.904547431122043166e-01,3.735655887935643626e+00,4.477623814809756908e+00,4.005197670252563569e+00,3.719466647834708706e+00,9.555573342639728907e+00,1.183260985721289238e+01,1.191475934130395409e+01,2.236587631026607514e+00,4.956600175996471513e+00,1.181460767672048462e+01,1.696738438315320963e+01,6.370230980692821454e+00,3.929932471818243123e+00,9.124138073051984321e+00,1.576603248267444890e+01,1.930880922725189208e+01,2.201494905405865410e+01,2.281490565773967205e+01,1.957610048660763979e+01,1.004691316031735759e+01,9.426185984617674762e+00,1.179675438603717730e+01,9.889996227673995222e+00,9.969630277235797422e+00,1.084369454017529755e+01,8.964490381022885757e+00,2.836662837270767401e+00,-2.396935025240463091e+00,2.080998466846417649e+00,-6.609554312714797097e-01,-3.557427904908007310e+00,-2.968754859090527276e+00,-5.143910460906511162e+00,-3.700926648432093735e+00,-2.966951587764981912e+00,-6.557178003745542050e+00,1.633367459595875149e+00,5.500152231912220024e+00,9.573759998078234190e+00,1.401646364940301837e+01,8.129296907797444405e+00,-4.344556927644533495e+00,-5.871540001483128712e+00,-3.853039894419504896e-01,8.929766321405155693e+00,9.737621260593600780e+00,5.757256403810192324e+00,9.627160214845902342e-01,6.428416921201216994e+00,1.649264404139076490e+01,1.523064179766207893e+01,1.070801248307655484e+01,4.694345091569515738e+00,7.039497069078452185e+00,8.595475167625071578e+00,7.205600556500122877e+00,7.499328709840800578e+00,4.516942644440531396e+00,3.517918360973676384e-01,-3.392141242200198192e+00,-7.025901085810856372e+00,-6.753564112579786283e+00,-9.277614723420747112e+00,-9.565891688968687134e+00,-4.923586981831283182e+00,-6.121420908365122759e-01,-5.708372682861725167e+00,-1.051341268024494902e+01,-1.150797374171575349e+01,-9.204886071292229133e+00,-6.124488977091885999e+00,-6.671226021444674359e+00,-4.564672102162767864e+00,-9.318988091578312094e+00,-1.260805381012013093e+01,-1.388895036168557517e+01,-1.625779723341341665e+01,-1.351161743693798378e+01,-8.124003256075699397e+00,-6.454490744172982630e+00,-8.747011105996502778e+00,-7.284829432986994036e+00,-4.907658263070449500e+00,-3.161688217502679255e+00,-1.985893903793241710e+00,-6.542306104335924744e+00,-6.117354244971447308e+00,-5.807679254599139362e+00,-6.909415917954232711e+00,-9.018903501128678002e+00,-8.193103891140037121e+00,-1.074198028198492239e+01,-5.676298031761493057e+00,-2.121585586811009616e+00,-5.011224261075242659e+00,-7.400505690470311926e+00,-9.528908959409063684e+00,-7.203068977627268055e+00,-5.950012128942378631e+00,-9.346250221798120705e+00,-1.228314831952752861e+01,-1.074608753006244122e+01,-7.257858982411322657e+00,-9.203824900578013057e+00,-1.002547431360067343e+01,-7.549773792312064913e+00,-7.724196792338937634e+00,-9.218575771191112267e+00,-1.110951012117796566e+01,-8.521857268850217437e+00,-7.651078964093748880e+00,-8.009689241432555562e+00,-1.201411764180335240e+01,-1.670347235588439361e+01,-1.667665294198641845e+01,-1.297095152992212341e+01,-1.070049076364460383e+01,-1.094111093569978443e+01,-1.263278780020502445e+01,-1.425748203285629678e+01,-1.102539690619947166e+01,-8.164018164084165363e+00,-1.002242071339643559e+01,-6.984047131549280252e+00,-1.093197483359123900e+01,-6.650998540145887539e+00,-2.803024617876529678e+00
-8.536866876496308265e+00,-1.083235163985682803e+01,-8.821880594236503725e+00,-9.951485423287893539e+00,-1.023574691430546757e+01,-1.251361072064819524e+01,-1.535401650076450686e+01,-1.329360296933537633e+01,-1.783479636996901618e+01,-1.722143371803018397e+01,-1.376309869986149970e+01,-1.478365777748421195e+01,-1.931414993393408963e+01,-2.106574617170529962e+01,-1.554170167457262863e+01,-1.694212348646096089e+01,-1.485353247918773434e+01,-1.635290510534952091e+01,-1.729822154605727746e+01,-1.606657776406985150e+01,-1.408417526205218984e+01,-7.560448170937911883e+00,-5.814307371339941355e+00,-1.315436656022747286e+01,-1.269197282216279632e+01,-8.619045282626002447e+00,-1.000064114716861852e+01,-1.072003901141844473e+01,-1.066176200633103122e+01,-8.039110981159959479e+00,-7.596192118126971593e+00,-1.034672026641108822e+01,-7.476618495897598748e+00,-2.602537523485077386e+00,3.388687822732078914e+00,1.070769021554117018e+00,-5.303339633730923097e+00,-5.071325380190952359e+00,-8.656632382911622514e+00,-1.264370084812106221e+01,-1.253652039621950820e+01,-1.630364264074546554e+01,-2.112772489185547542e+01,-1.896074155068444256e+01,-1.090696123962539232e+01,-8.366363046546315019e+00,-1.392133726492605206e+01,-2.391402642257108013e+01,-2.727627296676700297e+01,-2.628328007623080964e+01,-1.976734931519826688e+01,-1.547792184324932130e+01,-1.762658994193685658e+01,-1.618058517308621092e+01,-1.656865894127559713e+01,-1.877128025277335155e+01,-1.695630146300970509e+01,-1.655570213485963293e+01,-1.670693654629594604e+01,-1.643561757645868582e+01,-1.056998101702960824e+01,-1.046630995906784634e+01,-1.472452661256722450e+01,-1.497764929961833325e+01,-1.176570661866078815e+01,-1.064397925310414195e+01,-5.870536550281031829e+00,-1.874178442950690471e+00,-3.243262460315548434e+00,-8.489661269301842950e+00,-5.892156460777644433e+00,-6.822942990086838577e+00,-5.968993187378396570e+00,-4.183137378174339283e+00,-5.904979207694648125e+00,-8.271811880507723203e+00,-8.512658635305475840e+00,-8.347151652008326650e+00,-9.439952357593899279e+00,-7.669553142180803640e+00,-6.031094432119410875e+00,-6.222890495366694807e+00,-6.083620298087669909e+00,-7.447754412605443797e+00,-1.147371842537802777e+01,-1.619508498058560519e+01,-1.597483735068712107e+01,-1.274419064328425577e+01,-1.061428757113050558e+01,-1.261999394449582645e+01,-1.126174198028589757e+01,-7.278787780880581870e+00,-6.084935941546754989e+00,-5.280907670859069647e+00,-6.567734352955258537e+00,-1.085625741383506337e+01,-1.396266292494787642e+01,-1.476302335731828386e+01,-1.513043284319713422e+01,-1.418106582774622737e+01,-1.340498992530178413e+01,-1.322938048362869345e+01,-1.424284667731190090e+01,-9.003861871137306849e+00,-8.620153555129748568e+00,-9.944458286081294673e+00,-1.071916453806566949e+01,-1.134053133258473878e+01,-1.087308307181804956e+01,-9.371561445614888797e+00,-1.637617759470088430e+01,-2.108287024183708525e+01,-2.720102282523204451e+01,-2.474762132673230042e+01,-1.630934460099178196e+01,-1.153998830917280749e+01,-7.714766912674816624e+00,-5.385073213801600645e+00,-2.276015614939192133e+00,-4.038348038666150330e+00,-6.374004049020920881e+00,-4.815264311744628323e+00,-5.916219995972564760e+00,-7.767396794515071257e+00,-6.352158049780053162e+00,-4.107374592917839351e+00,-9.029655051664563503e-01,4.157762175437884067e-01,1.823613561290203577e+00,1.951626388249990462e+00,1.288113929384812728e+00,-4.022932253568152761e-01,-3.794972579246221667e+00,-3.242491221125488821e+00,-1.897575419568015231e+00,-7.494166824350060985e+00,-8.327088534780678231e+00,-8.728944731530500434e+00,-8.981897386798603833e+00,-1.137010847362712873e+01,-1.081132025708949485e+01,-1.100157962478880158e+01,-1.178477102771804219e+01,-1.212780670328566579e+01,-1.180345184974466832e+01,-1.035241908557658519e+01,-1.307955010708670152e+01,-1.136115020904163053e+01,-1.233737057634897916e+01,-1.181679931030669195e+01,-1.207425645800634761e+01,-9.874374861060298159e+00,-7.671092538532205296e+00,-1.281504514749045498e+01,-1.581010029458604116e+01,-1.789165930644561087e+01,-1.881748889280889969e+01,-2.282996981191139341e+01,-2.228306646010120318e+01,-1.666462462255371335e+01,-1.629135410570149745e+01,-1.811108101181601526e+01,-1.993126586420374835e+01,-1.894765091157112380e+01,-2.240860457890736157e+01,-2.305265750689603976e+01,-2.002583435317362159e+01,-1.851665560211645811e+01,-1.757405083528295364e+01,-1.744455818490904875e+01,-1.470641067510364230e+01,-1.137973987129382714e+01,-1.012133730032012302e+01,-1.176652014990697204e+01,-2.222642759302430093e+01,-2.539106016454299919e+01,-2.393094439868414369e+01,-2.334473575913158427e+01,-2.083893948385080463e+01,-2.046232077763202284e+01,-2.088994779389028267e+01,-1.598167962247388374e+01,-1.229550522182450756e+01,-1.196304019023567733e+01,-1.570732482433094290e+01,-1.314849300705725454e+01,-1.015812953802408991e+01,-9.130064650282569971e+00,-1.081816187394698225e+01,-1.648008743774282792e+01,-1.347001553770450499e+01,-1.288768109278577612e+01,-1.234402390916714687e+01,-1.075482940237390395e+01,-1.549640428278262583e+01,-1.681709813879488280e+01,-1.732289547292850784e+01,-1.973927407479951412e+01,-1.032973605933229599e+01,-8.171256894704436391e+00,-1.310276750170576854e+01,-7.243862466581123094e+00,-3.848389305517380343e+00,2.971431350112828440e+00,8.865495283982355090e+00,9.275908437640710602e+00,4.042046823557964075e+00,6.438588421401068018e+00,6.360567916638457220e+00,9.440464243451685888e+00,1.258460309674495115e+01,1.294360991082319323e+01,6.744030893268206484e+00,-3.628675714458337254e+00,-3.661739771710900371e+00,-1.385275666788439608e+00,-1.325975370852940927e+00,-1.971834512780044957e+00,-6.949086959500771599e+00,-8.173643338974006411e+00,-6.499196895423428266e+00,-3.977013142778229593e+00,-2.062000476071032207e+00,-4.254965109045437011e+00,-4.775465389721408549e+00,-1.084339608518007125e+01,-1.689662269076823620e+01,-1.703023337614230570e+01,-1.438050578389398027e+01,-1.204611027259268674e+01,-1.342327619713488041e+01,-1.148514820499636180e+01,-1.179584925160317432e+01,-1.029687033572388799e+01,-1.012240491642656082e+01,-1.160037919029935516e+01,-9.523433772388241181e+00,-6.375522078642283930e+00,-8.728837218944967447e+00,-1.087699595795148433e+01,-1.657338404569851775e+01,-1.585976653985453311e+01,-7.500645905811344605e+00,-3.582632735137125657e+00,-9.176960490286248273e+00,-1.659398922869869608e+01,-1.923175433391648426e+01,-1.344983563692562001e+01,-8.111938793235889733e+00,-8.858571263653788108e+00,-1.435072684081701055e+01,-1.027512346231168827e+01,-1.196088035713175834e+01,-1.330001981360482155e+01,-1.290464445174025521e+01,-1.577849373285223677e+01,-1.517981588412705030e+01,-1.112315498666943014e+01,-1.501024715755424843e+01,-1.572333820008785032e+01,-1.480801809700031413e+01,-2.598288919391981722e+01,-3.194557741251182748e+01,-3.042151216468609576e+01,-2.355526767395049603e+01,-1.960967244334793591e+01,-2.049599971127262776e+01,-1.682109332030016802e+01,-1.738358098648329175e+01,-1.621699736450488771e+01,-1.316902250187275492e+01,-1.255909067866113737e+01,-1.751312949503059713e+01,-1.601811574242363179e+01,-1.441528105720773922e+01,-1.710147303860695445e+01,-1.593708619377827063e+01,-1.026704637168377410e+01,-3.656077246278397475e+00,-7.108931086247427977e+00,-7.124898698317458923e+00,-5.297335425821253274e+00,-4.412425993477632424e+00,-3.618962909221470348e+00,-3.807759021903715180e+00,-4.560541396861782282e+00,-4.200443979839763031e+00,-1.831265045582993967e+00,-1.488705760018680380e+00,-4.797161981060608760e+00,-2.323740352535362597e+00,-1.847732544677525457e+00,-4.081010703926290617e+00,-3.324225498076152974e+00,-3.704086660293627986e+00,-6.707758250005713130e+00,-8.129849968227844670e+00,-7.029969398503700617e+00,-5.574380619078871391e+00,-3.832004606716147510e+00,-4.239677590854030065e+00,-7.815382637801980614e+00,-5.880004560387961376e+00,-5.217716708344627641e+00,-7.769913346069665216e+00,-1.065716167292127281e+01,-9.584824595443343753e+00,-8.596411596601997829e+00,-1.016256369515471292e+01,-9.775038694483152213e+00,-1.177240846090468196e+01,-1.875942192697368327e+01,-2.468816351655436492e+01,-2.513581147108568814e+01,-2.397004015992085613e+01,-2.286010020719572466e+01,-2.246504902121322189e+01,-1.878253222696864810e+01,-2.008254544319238732e+01,-2.201962001017786008e+01,-2.329404244303645655e+01,-2.079358566063084623e+01,-2.061351456311167496e+01,-1.923335876855215076e+01,-1.814557141912773019e+01,-1.583509945518747841e+01,-1.785297131245194890e+01,-1.720163990009552890e+01,-1.622574277744135429e+01,-1.651704119585187058e+01,-1.631063903658521497e+01,-1.555901107376107895e+01,-1.547982513040253494e+01,-1.753936621054090850e+01,-1.556125906144514026e+01,-1.100398941537204855e+01,-9.760481676997324385e+00,-6.680171833580996754e+00,-5.482715437045723839e+00,-5.739495288707775700e+00,-7.058547329348485277e+00,-5.985698294979425960e+00,1.218679011750955610e+00,3.311196430811170544e+00,-1.364036090915629273e+00,-2.993777310400846936e+00,-5.556823878270861883e+00,-5.407619215478172592e+00,-1.888201970780243322e+00,2.665033901383328185e+00,4.625752632304843459e+00,1.885793091800474386e+00,-1.686177109232763982e+00,-2.642107092783672062e+00,-4.216376068028541368e+00,-8.427704402901804670e+00,-8.052591153326840612e+00,-8.631669847557567721e+00,-1.572500751681900333e+01,-1.633839891732978344e+01,-1.566568726765748032e+01,-1.458954523805611103e+01,-1.903015275414075802e+01,-2.378341213787617647e+01,-1.751540501100158664e+01,-1.479683661900081759e+01,-1.506606512242702678e+01,-1.513715084679453327e+01,-1.998143842021684691e+01,-1.942543192142883157e+01,-1.725212367104293065e+01,-2.455812879496158629e+01,-2.017450224685764937e+01,-1.565079809479751916e+01,-2.142814545342386978e+01,-2.680875342155596996e+01,-2.422917182138761660e+01,-2.051130702525593108e+01,-1.574002067069343447e+01,-9.088674271570775787e+00,-1.020315684120983946e+01,-7.877430815574349765e+00,-3.988202677872501045e+00,-3.236562013037321162e+00,1.487969213906250365e+00,5.629371549483704662e+00,4.647346030565448594e+00,3.000788256534006493e+00,8.905431772589270656e-01,-5.028043163171384000e-01,-1.211624261724729479e+00,2.181454496449990177e-01,-2.032297543861336653e+00,-4.838065338377191438e+00,-6.050612257871763155e+00,-7.709009516186923427e+00,-1.007905813992901756e+01,-1.224326675340524417e+01,-8.922879475246785930e+00,-7.581845181037251358e+00,-1.045272395664889764e+01,-1.628681651176525236e+01,-1.404011459875797208e+01,-1.113670173171798439e+01,-1.100955988838349064e+01,-9.439467146239772788e+00,-1.197653265256378496e+01,-1.278771570336891195e+01,-1.387246319329786637e+01,-1.403976846485175756e+01,-1.208634270247118536e+01,-8.895176347422372842e+00,-7.723031702224328221e+00,-1.184940034172407408e+01,-1.101716838445068269e+01,-2.252079020881077920e+00,1.580769942247219895e+00,-1.780742752369075976e+00,-9.173307818083385357e+00,-1.407771611964013481e+01,-9.992811119350047733e+00,-5.313434912607831961e+00,-4.027556183384373156e+00,-9.272656531551456638e+00,-1.379096365374680211e+01,-1.316628247290706710e+01,-1.131283836810717247e+01,-1.298974101658490099e+01,-1.330438516156274886e+01,-1.566300162447723565e+01,-1.823952282380025736e+01,-2.025759427579950156e+01,-2.188513730686649694e+01,-2.306426912820030850e+01,-1.883098960525362031e+01,-1.217280328852154625e+01,-1.562900290071747378e+01,-1.676350883045889972e+01,-1.190145093397240750e+01,-1.372771909036638682e+01,-1.578378187470409699e+01,-2.193576667034544769e+01,-2.101793410755774971e+01,-1.829278051951382622e+01,-1.665211644698257842e+01,-1.096931117221721408e+01,-1.528328884087430595e+01,-1.749922864115487897e+01,-1.624912474128028350e+01,-1.439478004192591243e+01,-6.136025528435927079e+00,-9.738853604859638580e+00,-1.485391136677725399e+01,-1.726395200178731670e+01,-1.817392899673132689e+01,-1.461547557161814481e+01,-7.921812958467558730e+00,-7.379143333254611470e+00,-1.044260667576111601e+01,-1.614674082396292576e+01,-1.733334418176212210e+01,-2.129905985412487368e+01,-1.965660242625003207e+01,-1.473369875996315770e+01,-1.736873861040082900e+01,-1.960340527897817253e+01,-2.042634076038570612e+01,-2.339523134017109740e+01,-2.513727340653116826e+01,-2.192901663661971057e+01,-2.077324242087101069e+01,-2.352544399654907181e+01,-2.526880407263832140e+01,-2.220828481887090788e+01,-2.062312693826327958e+01,-2.330573437680200044e+01,-2.559824892096987270e+01,-2.352370898549898470e+01,-2.360883232193999604e+01,-2.452392007789761408e+01,-2.361196474970256887e+01,-2.467844689560087801e+01,-2.585574896190385275e+01,-2.465224340992925889e+01,-2.309252228236720939e+01,-2.260025691391521363e+01,-1.249693697746809029e+01,-1.256338106330189319e+01,-1.456919284238964707e+01,-1.602836898881083627e+01,-1.511994024462012298e+01,-1.974745953767259721e+01,-2.486426647835078541e+01,-2.118177829289676595e+01,-1.688857399789466740e+01,-1.530837892323903660e+01,-1.707758204430796312e+01,-8.005051949362128383e+00,-2.667747008933456065e+00,-3.742298221276538772e+00,-7.544998667892282462e+00,-8.480444742182553952e+00,-5.697447804218192857e+00,-7.203459701315771291e+00,-4.664649748031418852e+00,-5.381478754034684009e+00,-5.331100951017082146e+00,-1.280619738942769814e+01,-1.945300773317445930e+01,-1.677498479268809817e+01,-1.694440341156260743e+01,-1.728905669434532655e+01,-1.776934585200331540e+01,-1.279453082571783540e+01,-7.844109594490957349e+00,-8.387353537258449565e-01,-2.570105363510980290e+00,-5.990281972774321950e+00,-4.321666359014242786e+00,-5.767224264757599528e+00,-9.187532460986714611e+00,-1.024577229882674345e+01,-8.422674176566568249e+00,-1.231353390424784422e+01,-1.146063562671651681e+01,-1.249459262819987693e+01,-1.294265679243113354e+01,-1.045141801223556399e+01,-1.334633351510759525e+01,-1.705207677426122004e+01,-1.913622410571752397e+01,-2.141007041707242919e+01,-2.210344698124967167e+01,-2.317064589062135127e+01,-2.123531996371327679e+01,-1.637610400562320834e+01,-1.654735247784274677e+01,-1.833326078801188075e+01,-1.324986836539976309e+01,-8.350149952069406467e+00,-1.120123889005782480e+01,-9.943158360855795408e+00,-1.269003997304287168e+01,-1.355712692996005586e+01,-1.365090361303251321e+01,-1.257314036252451395e+01,-7.440361878537420814e+00,-6.164413189313287411e+00,-8.453592384123409076e+00,-9.556797728393577884e+00,-9.468552085241007887e+00,-1.417792335499140854e+01,-1.301502593769959581e+01,-1.268208336865306585e+01,-1.706383311385996748e+01,-1.287587140656315832e+01,-7.006108067501032544e+00,-4.877366471230705436e+00,-9.178907974194492780e+00,-1.245777252330123908e+01,-1.548708704335445852e+01,-1.858943061413410902e+01,-2.032431328565752437e+01,-1.835964733442050445e+01,-1.298395218192331591e+01,-7.041872410896834467e+00,-3.078359943809405141e+00,-4.325866935372459032e+00,-5.577713138271864324e+00,-1.011385611349870572e+01,-6.628744119519194733e+00,-1.054909121126060256e+01,-1.020975599030738401e+01,-6.627099143242070056e+00,-1.036065756852887887e+01,-1.167974034302626052e+01,-1.547488125254634639e+01,-1.670953182816877813e+01,-1.824709553662045991e+01,-1.988557746438718965e+01,-1.527297324430778325e+01,-1.490387430592650198e+01,-1.199066215623476950e+01,-1.084792221013690217e+01,-9.598469417356660927e+00,-7.969651425539629130e+00,-9.288497388889284778e+00,-9.087550426277347881e+00,-9.145141804642211270e+00,-1.088375705137459626e+01,-1.148572801898613882e+01,-1.428888383822079611e+01,-1.841857670703922523e+01,-1.866124993015123934e+01,-2.109585060985770255e+01,-3.011442235747620089e+01,-2.690911833991749447e+01,-2.200619386410467371e+01,-1.951939632815161474e+01,-2.011676095800125452e+01,-2.232509934857696621e+01,-2.533583060415357124e+01,-2.582334407100755413e+01,-2.461733788765216246e+01,-1.988283284062374179e+01,-1.836700817343422543e+01,-1.781008397176531588e+01,-1.736451097727169923e+01,-2.302475742256920910e+01,-2.115550008414947669e+01,-1.616035130317194302e+01,-1.548093675269852731e+01,-1.348141495073954843e+01,-1.669726091043913740e+01,-2.557747335230634889e+01,-2.417198327875248154e+01,-2.415520427199916398e+01,-2.347036830133845342e+01,-2.063260570959702633e+01,-2.158021520670508764e+01,-1.828605846248429501e+01,-1.165230100765956855e+01,-6.587374383299230196e+00,-8.140980627924284008e+00,-1.338551087475255308e+01,-1.816951379786376108e+01,-2.368883052088870400e+01,-2.169109676246756280e+01,-1.760550753169064819e+01,-1.368943128755545224e+01,-1.193710618918375488e+01,-1.213206037431688600e+01,-1.196366300506016245e+01,-9.026039557418519266e+00,-1.371279388929279008e+01,-1.856620493223495316e+01,-1.653415576779589102e+01,-1.187970223626323474e+01,-4.159924574898798078e+00,-3.384255865915657857e+00,-4.975431691350822305e+00,-6.593074138974916565e+00,-9.157561672300964517e+00,-6.919688738211470458e+00,-6.924911847923710617e+00,-1.197344287470525082e+01,-1.420921338634568798e+01,-1.645589166431321715e+01,-7.037852152311269371e+00,7.147985732177026819e-01,2.372255254858933959e+00,-2.091773617219771175e+00,-5.461105498860278296e+00,-5.944697864461571335e+00,-5.508926599212971453e+00,-8.529893133982367814e+00,-8.277512078867575340e+00,-7.019928201453604188e+00,-3.426980821005279676e+00,-3.371759959155886222e+00,-2.271446622317996766e+00,2.386158467991265741e+00,2.706244721890294080e+00,2.996196059002834478e+00,-3.991601662371171422e+00,-7.949511112801740609e+00,-1.015462356070749017e+01,-1.148932182756874987e+01,-1.079219928139736240e+01,-1.222897042684766156e+01,-2.018799543960846776e+01,-1.942642380580042172e+01,-1.280730062993871776e+01,-1.298911292976213439e+01,-1.392723309218436079e+01,-1.618579121703589507e+01,-1.895745865704044775e+01,-1.828065762984046572e+01,-1.776019259656092686e+01,-1.967145675673066307e+01,-2.010390294882042639e+01,-1.192403270176260577e+01,-6.272688943257895389e+00
-2.762102697478362856e+01,-2.648243550739801933e+01,-2.436999231409130928e+01,-2.570745441290320343e+01,-2.344040624288902919e+01,-2.369364563547431857e+01,-2.055115472519993602e+01,-1.665380580441773617e+01,-1.731656756218884041e+01,-1.221786683756090852e+01,-7.924828312567305133e+00,-1.251728731479892431e+01,-1.525180422636017141e+01,-1.025482322584887562e+01,-3.484339284236362744e+00,-9.101935042204887694e+00,-1.169955959331094419e+01,-1.190029180161673139e+01,-1.022237163844045149e+01,-1.071339529997334239e+01,-1.247851063112961967e+01,-9.721997464567953884e+00,-7.967770138195517049e+00,-1.472108384367139067e+01,-1.679169810504593130e+01,-1.731906807753198052e+01,-1.186007547301533904e+01,-9.686458391854349870e+00,-4.983298461131861146e+00,-5.002285648461173295e+00,-6.912190697419196894e+00,-7.667483286775068407e+00,-1.029214378422176068e+01,-1.070219521067649282e+01,-1.036954688862268981e+01,-1.240948140323622439e+01,-1.209156347912020024e+01,-1.413126043183137526e+01,-1.580352602617908175e+01,-1.091579852543656415e+01,-6.464952502096558362e+00,-3.435184607150032932e+00,-3.988302174966328550e+00,-9.653647327240042486e+00,-1.262363317896758375e+01,-1.373132188855320024e+01,-1.663619964615521241e+01,-1.577739628287771367e+01,-1.125456611517808625e+01,-9.948929007069432728e+00,-6.933364103935625522e+00,-4.344599770406045280e+00,-4.556325399453962532e+00,-3.058645069758751944e+00,-4.570836980230639668e+00,-4.079044639369943326e+00,-7.259558628333930841e+00,-1.039850918507407584e+01,-8.673788145870398480e+00,-2.297438750824930764e+00,2.517785995735434268e-01,-6.833550007759638945e+00,-5.640200846028429638e+00,2.287710138694019513e+00,5.437201871062177005e+00,1.028936992325816702e+00,-1.538951542724798616e+00,-5.343166115427603557e+00,-1.219933243030996906e+01,-1.509698414686929269e+01,-1.352544216826873935e+01,-1.279880428236905487e+01,-1.090590336542134864e+01,-8.312112662198634538e+00,-5.592164620141057085e+00,-6.407755886282801683e+00,-6.279147875251107180e+00,-9.073415823617741793e+00,-1.094632691755937515e+01,-1.017857662055399182e+01,-9.336018659735760394e+00,-7.904014059243069212e+00,-1.174898022505479034e+01,-1.133235626045904709e+01,-8.130322469829621923e+00,-5.815409613272247924e+00,-5.126188874198911449e+00,-3.185916755202956807e+00,1.292847633672619123e+00,5.455268259866741687e+00,5.166744754628147085e+00,6.316668062206448830e+00,6.295475280255448780e+00,5.802695075951945114e+00,5.315426945352935917e+00,9.683280103852624165e+00,9.037952785062021377e+00,2.321184317739666714e+00,-2.460607022754032869e+00,-3.748321162750940516e+00,-8.544666959624048985e+00,-6.228818137106742370e+00,-3.111725661984163338e+00,-7.893441314251942176e-01,5.220751660021382135e-01,-1.550194254728636034e+00,-7.608032740459433896e+00,-6.657501574628589935e+00,-8.125007664346158620e+00,-1.033555944831812923e+01,-1.107817574567140895e+01,-8.412257142958720735e+00,-5.947568421190817745e+00,-3.654121083303744300e+00,-5.452489567330966125e+00,-1.148425507669326961e+01,-1.225519674709023477e+01,-1.107596041145402666e+01,-7.801535447960993963e+00,-3.202426209010987179e+00,-6.216907497320349307e+00,-8.532466508357906321e+00,-5.278643307263054751e+00,-1.195338595637819926e-02,3.357848342575991740e+00,3.484003587657607870e+00,7.571538548308575756e+00,1.244027413555091144e+01,6.442441339529109356e+00,2.643814372024864620e-02,3.513434962528223515e+00,6.983725811503351366e+00,5.720138125316465150e+00,4.786202234428256652e+00,-1.575727485693970253e+00,-6.998190837384003160e+00,-4.726583612170642823e+00,-4.660598232423829756e+00,-2.581624703733290005e+00,-4.924655351314887186e-01,1.026337550680713973e+00,-3.582233915221630483e+00,-4.846448153541404125e+00,-3.715908533475644759e+00,-2.650994475570470854e+00,3.418893705985465381e+00,2.630816386082970304e+00,-7.919462856871702927e-01,-1.311483060344519780e+00,9.772410405239754239e-01,5.273818679865892589e-01,-9.560305572428503540e-01,-1.648513069022562449e+00,-3.726899922537834087e+00,-6.421462047724979527e+00,-1.128268178990429332e-01,3.460401151828395028e-01,-7.456238409638455522e+00,-5.282834098281284696e+00,-5.845773621188962155e-01,-1.312737175137850487e+00,-5.063041227256146470e+00,-1.894015890703531158e+00,3.070512170124161777e+00,1.697879606800778651e+00,3.712126913260308747e+00,3.673251674884301821e+00,4.409444047908213093e+00,3.439618187189322995e+00,3.036961596811837971e+00,1.063442281635983733e+01,1.476842353302537880e+01,1.170385530060584678e+01,1.417428512521998085e+00,6.239674919583114432e-02,2.772736722321803793e+00,5.493482244683956850e+00,7.774850348126218336e+00,6.473695643479441486e+00,5.074363669296252155e+00,4.730904980242803148e+00,7.430684200837126774e+00,1.147889856710897583e+01,1.208587015154197175e+01,1.090082577062321612e+01,6.097039543332109623e+00,5.739727478512059555e+00,7.232592119205384584e+00,4.955468667420714901e+00,2.004542467485905810e+00,4.237171898035258621e+00,7.756370814536879266e+00,8.635285386330128432e+00,4.293174928570794080e+00,-5.993163263841597699e-01,-6.486276562962710601e-01,1.895011269142908850e+00,1.430687589006096827e+00,4.960357951256520737e-02,1.576166609718143041e+00,6.303437954247038455e+00,6.164482845265892408e+00,1.334147226379920070e+01,1.169672901973526002e+01,6.570901184446687360e+00,4.809968187975192322e+00,4.901603950229399542e-01,3.341075745015414711e+00,5.010038541703109694e+00,7.244706587240584694e-01,-1.591099311818882756e+00,2.132205080546664355e+00,-2.345049797355986954e+00,-6.818235621085090514e+00,-4.325228319723564141e+00,-6.757388382992214559e+00,-9.508774494872017868e+00,-5.155478475566940944e+00,-3.951695282610495852e+00,-3.950633074612010631e+00,-5.008935525861380356e+00,-7.106684189416782260e+00,-8.459734262156358042e+00,-1.284622855213427073e+01,-1.157284503407457876e+01,-1.117745354172038574e+01,-8.420259566338678781e+00,-7.559205398528867192e+00,-9.683552131032087118e+00,-1.233267318507099475e+01,-1.386892487543580188e+01,-1.350712981401516544e+01,-1.389276404062382753e+01,-1.667425058541437721e+01,-1.200784761692520064e+01,-8.007431098117464785e+00,-1.068325836139641538e+01,-9.974579352856023817e+00,-7.144346944935970001e+00,-5.792756983402041371e+00,-8.761602995783325909e+00,-8.772078550514203599e+00,-6.096453830852004430e+00,-4.272220711615439370e+00,-7.918471343443016508e+00,-7.727798431102643306e+00,-1.086898447983743665e+01,-7.907456028685851734e+00,-4.498367623759046197e+00,-9.910691372942262989e-01,-3.609976041546271830e+00,-7.610592969265303154e+00,-4.504880819529265779e+00,-6.167723079723224089e+00,-6.177950328699674643e+00,-4.376187042691674023e+00,1.239863180126822284e+00,1.588969826998595236e+00,1.662596954426752260e+00,1.117473931992977176e+00,1.226277743983363200e+00,4.712622009374565657e+00,1.326524195413884222e+01,1.612130031494165650e+01,1.191491154036840072e+01,7.087297960988582446e+00,7.815429608477339585e+00,1.317732549345667614e+01,4.012889290606209691e+00,1.776246048087363194e+00,4.518030531811569439e+00,8.302686368739582434e+00,5.424697144173646457e+00,1.287359683856391213e+00,-8.185337843578636141e-01,1.533091384355385889e-01,3.703946590279464157e+00,2.795228732181203046e+00,6.247274919168152252e+00,5.756073798623325466e+00,9.783669465564976520e+00,9.571618586199420520e+00,1.056107138196280815e+01,1.422442765087620486e+01,1.321830855388135006e+01,9.082373848000329986e+00,1.222270394965413765e+01,7.161061286557471206e+00,-1.561013149672858313e+00,5.663359865001392990e+00,8.780473003266676457e+00,1.154827928114779745e+01,1.129303049911119494e+01,1.184653769628193487e+01,1.131600851193489810e+01,1.175937551432032535e+01,9.096622033540272767e+00,8.584410619086916938e+00,7.122966746688506490e+00,9.954186051406372471e+00,8.832637547752671736e+00,5.434302124675901347e+00,4.687188504569916425e+00,3.715034023397662644e+00,1.416103123640833017e+00,1.023990879217243188e+00,1.257736783848033779e+00,4.054343512611571776e-01,2.098941134718914359e-01,3.696308437639438171e+00,2.385785797225851823e+00,3.994385290919834075e-01,4.951155509717309222e+00,2.069241367325719505e+00,-1.450081894957841344e+00,-4.321222012152048819e+00,-7.234686477503794677e+00,-3.030287862986488889e+00,-1.344993404937938175e+00,-5.637560035180490259e-02,1.447744864047279867e+00,2.258940844456523322e+00,7.198958960208486912e-01,-5.936949233325573561e-01,1.509111818238159541e+00,6.164044326825400155e+00,1.984122553297136937e+00,-3.951308204962780124e+00,-5.126533520911592534e-01,9.186119958767927640e-01,6.936437007149097722e-01,-4.772338908945803482e+00,-3.415652442202851802e+00,-5.513730609333721278e-01,2.983151903072568167e+00,-2.846837058160661016e+00,-3.095749803914706888e+00,1.092270311729204968e+00,1.471308555437872867e+00,7.062095201304136038e-01,8.513361924433827665e-01,2.184991658522809743e+00,-3.102173119890309083e-01,-3.649007726389605466e+00,-3.308093509140455524e+00,-4.116993251841305934e+00,-4.408919489348786414e+00,-1.603004216831422690e+00,-1.842662224958252049e+00,-1.526205900823003114e+00,-4.009233742032428438e+00,-5.440568040356215107e+00,-2.603776865695792253e+00,-3.751402830298610880e+00,-4.653602799993461048e+00,-1.124042634391057449e+00,-7.944854751062878861e+00,-1.276407939969422145e+01,-1.513253257208543090e+01,-1.384353642603021584e+01,-9.420649410827884651e+00,-4.724464282572311546e+00,-4.247906897591681386e+00,-6.768230262188986046e+00,-4.928357442226512397e+00,-6.134868465585691766e+00,-5.884866964996261274e+00,-9.236500843236651548e+00,-7.010837075061871815e+00,-9.513418019666329828e-01,-2.603122547960655897e+00,-2.863587937817373863e+00,-4.196059319836539458e+00,-6.646462794024658116e+00,-7.829022647217365183e+00,-5.186679060137279862e+00,-4.093225585279766321e+00,-3.419801227315302672e+00,2.554434652261530214e+00,9.608039470363441970e-01,1.412509124808434824e-01,-2.064231399195187056e+00,1.117556845407799759e+00,8.424572727382001469e-01,-7.737624684309739598e-01,-1.170088630278205200e+00,1.419414405802336618e-02,1.044807641501082518e+00,2.122080478144661997e-01,-5.001471635022978646e+00,-5.816112070636182629e+00,-7.001260864425612240e+00,-5.913102219384194669e+00,-5.138982186443924682e+00,-3.501234764986600911e+00,-4.209441387120116396e+00,-5.848972759382866649e+00,-7.900132642926084081e+00,-7.574177854887258476e+00,-5.088537373284863108e+00,-3.369534513185094227e+00,-5.615630108880742100e+00,-4.592519041649278044e+00,-5.220714108832524403e+00,-9.692469532397778309e+00,-7.306313554039419955e+00,-6.141495394107130856e+00,-5.306733061186386990e+00,-9.775205949238040759e+00,-7.868758631854584351e+00,-2.224377502899639758e+00,9.096780325555479108e-01,1.778477709606979706e+00,5.747524767405111090e-01,-1.021509085521573157e+00,1.504285254811597694e+00,4.569544133832765809e+00,3.600346109057378285e+00,8.519005351826293149e-01,-3.991958474231546816e+00,-2.368675848403047013e+00,-1.221206528190001750e+00,3.131979529006042595e-01,6.724197943123061405e-01,-2.400870787912234017e-01,3.918054575996981370e+00,9.334491870395234869e+00,9.148934212566278035e+00,6.432158138973293582e+00,5.949791376314037983e+00,1.819632527236925368e+00,-1.591885210696348141e+00,-3.552470832551055668e-01,1.448538942946351549e+00,7.625102389397145686e+00,6.947833932113871569e+00,6.533192935332558793e-02,-1.403894686944114012e+00,2.403363211013815892e+00,4.490846676896468992e+00,7.670823173193578981e+00,7.458593632856486799e+00,5.141717951916302987e+00,2.335710725771262375e+00,5.283589986942257566e-01,4.011821235971646971e+00,4.888465772877504278e+00,3.194986248475348845e-01,1.545774297623118354e+00,4.526086148452689528e+00,9.020733348194678314e+00,4.588576685089688745e+00,-5.828439612325142516e-01,-8.780991612493740384e-01,-2.678048653045404404e+00,-4.110521670313567633e+00,1.166811669562392684e+00,6.676462686792556944e+00,8.304033497008575182e+00,9.516384088464040047e+00,1.011669425221769458e+01,7.994907284213077503e+00,4.671713270809775054e+00,2.747014832791411898e+00,3.971996194100111954e-01,-1.117661695107386999e+00,-1.366725476412652185e+00,-2.406944106435289221e-01,-2.963036109885570202e+00,-5.731523749978383736e-02,4.350232838520883938e+00,1.135007722334500535e+01,1.087186339424697223e+01,6.949268426022829459e+00,2.348714760712399929e+00,5.771415675067846252e+00,8.127172788681052751e+00,7.456394562571809992e+00,5.448011580852185176e+00,4.556178182095704798e+00,5.420907497782573969e+00,5.924214327744795838e+00,7.591175431461997469e+00,7.692820617250293758e+00,8.768892682660711202e+00,6.166599355205240940e+00,7.488397673556433709e+00,3.977295681826902296e+00,2.008516200102358429e+00,1.908700032759180321e+00,6.847099104218333565e+00,7.112154956686117302e+00,7.419026741801587832e+00,5.211155433170049811e+00,2.913338508358137346e+00,4.497335049170134269e+00,4.353287401158223879e+00,1.029617304800223954e+00,3.681520963131028057e-01,-2.431674175441134456e-01,-2.895830221672256233e+00,-3.354059663693279347e+00,-5.525328358741724344e+00,-2.020691818920550720e+00,8.063057393496685377e-01,5.599785040843148209e+00,5.607479234331238516e+00,-2.163878783743406198e-01,-3.168302461910371903e+00,-3.551514804765179889e+00,-1.185690199267597444e+00,7.624283592846755608e-01,-2.538624852419911093e+00,-9.023856801548738815e+00,-8.792950299038414741e+00,-2.793176117364099653e+00,-8.502296696101813156e-01,-3.291352545702229904e+00,-7.405762965258546160e+00,-5.273682783895806025e+00,-4.618959487818887766e+00,-5.766699109385420741e+00,-7.213253695657618536e+00,-6.951279877622832615e+00,-8.041935104967608439e+00,-9.235575717504250548e+00,-1.084960071388369229e+01,-1.162822117411161926e+01,-1.559872560156037835e+01,-1.331577806742744485e+01,-1.611329865627006086e+01,-2.125785905947835275e+01,-2.501750950016135633e+01,-2.564820671213201564e+01,-2.684058438809010383e+01,-2.256888204167587020e+01,-1.987036296468057017e+01,-1.910669851442437306e+01,-2.098703193887004659e+01,-1.891680181398200133e+01,-1.411197579195496843e+01,-1.060204626414622098e+01,-1.274597957173398655e+01,-1.136000948458493198e+01,-1.296762229905817065e+01,-1.131069669726853277e+01,-1.056272327308040460e+01,-8.087317655274006256e+00,-6.065973283020930751e+00,-7.572564060567056332e-01,2.784721986523074566e+00,2.457904441532094086e+00,-3.404036021598640716e+00,-2.951423037679123951e+00,6.288273553616131606e-01,3.975766439866759150e+00,9.171611812157607346e+00,1.536845874241189414e+01,1.029070380470217216e+01,2.543918071371789491e+00,1.358777590269687030e+00,7.768171632680055394e-01,-4.871065824976873460e-01,6.321017763978533210e+00,5.782622175869409631e+00,3.532743356983865990e+00,1.048763400797857903e+00,2.813785836360941373e-01,-1.576891137112806485e+00,-2.893010287450254125e+00,-2.280125892328108250e+00,2.991303861687290677e+00,-1.626211992927170114e+00,7.977338443474680796e-01,3.857291846737271324e-01,-3.573274466496863866e+00,-6.553717136193084158e+00,-8.387898437190825618e+00,-9.602851438277369311e+00,-7.704152210073393015e+00,-5.479304287679513052e+00,-5.494808303579015174e+00,-3.263465180822780809e+00,-1.021858494578708765e+01,-9.436158065433927433e+00,-8.207488304157879000e+00,-1.087289574418777960e+01,-1.435604892371481611e+01,-1.054726637946862589e+01,-7.839964905773061155e+00,-1.493972477527141329e+01,-1.450020083048196717e+01,-4.253022693117577191e+00,-2.961897539562717174e+00,-8.146361263685180987e+00,-9.428771850827645906e+00,-1.268250845567025387e+01,-1.208991002494592948e+01,-5.131084982366192371e+00,-1.018429970839781484e+00,-7.723685876162829089e+00,-8.088138067683873444e+00,-1.179932648806121165e+01,-1.493970546143954259e+01,-1.236961196766380766e+01,-1.291874759094987724e+01,-1.052396707388238539e+01,-9.254013240809969787e+00,-8.508911343475521250e+00,-9.632698868352280286e+00,-1.095507640630032498e+01,-1.411507014351137279e+01,-1.644933266846261688e+01,-1.749416314456059141e+01,-1.577812325861130205e+01,-1.170991091869056433e+01,-7.830182142205098117e+00,-8.226193976868326985e+00,-3.222728833589918906e+00,-7.366519736644404404e+00,-1.369304690726925955e+01,-1.113834626991438981e+01,-5.853462342833276821e+00,-3.697900676971304534e+00,-6.748360559626679134e+00,-5.377349644574612952e+00,1.248065226167523134e+00,-1.882136875091748651e+00,3.201279036951236723e+00,1.041304024066133671e+01,1.140716935180852332e+01,4.950096073600862567e+00,2.635533838635560677e+00,6.002383990254037016e+00,8.664772821982511530e+00,6.812851436034421226e+00,6.703008657206311227e+00,4.904956033774312552e+00,5.675418889653843557e+00,7.173839243766930274e+00,7.973014050920801843e+00,8.606367660675479314e+00,4.678262937837152080e+00,7.579180646246950204e+00,1.235435731961046457e+01,1.325437117027011702e+01,6.053021569624679188e+00,2.961741755877147497e-01,3.891619846147589712e+00,8.036239998747660707e+00,7.431529607922461089e+00,9.646740992892985034e+00,9.405701866726928984e+00,1.023681387293559553e+01,1.478937670549075101e+01,1.379366226360455094e+01,1.296783311297155272e+01,1.376726780765575420e+01,1.483093338056714039e+01,1.623328684659995247e+01,1.866792442889259007e+01,1.979528726492143065e+01,2.027044370769826287e+01,2.484513046022262728e+01,1.935044389451385527e+01,1.215735950685128586e+01,1.029505497041647644e+01,1.124980763103643966e+01,1.172431574284584066e+01,1.319790333348530709e+01,1.368744367119546190e+01,1.359657361741231441e+01,1.218718975311830910e+01,8.366085098927644736e+00,2.315652004395775343e+00,1.123267442088373924e+00,1.886777104197296495e+00,2.054947751942299838e+00,3.106133338622067974e+00,2.434048538285391139e+00,1.450970398806495476e+00,7.416010229069716964e+00,1.233689115010425574e+01
-1.952727859788334186e+01,-2.162802453434081684e+01,-1.929507468935058867e+01,-2.071744216142804618e+01,-2.709213243039170393e+01,-2.828601546050333226e+01,-2.423652347959587416e+01,-2.105838964453882056e+01,-2.412401225462034304e+01,-1.931323379124587092e+01,-1.088078111629349642e+01,-4.065747191796541316e+00,-1.893402964163758417e+00,1.439353425186884250e+00,-1.341672990256352616e-01,-4.528119418350799563e+00,-7.214093916927520667e+00,-3.803179480851389904e+00,-7.411369668345049178e+00,-1.392135271485735437e+01,-9.491812062277498185e+00,-5.510060501702628066e+00,-3.816697049542617570e+00,-4.312029386616905491e+00,-3.526679588628721440e+00,-4.224723639440643441e-01,-7.254633541006706210e+00,-1.013990561019146774e+01,-8.349593641553317624e+00,-6.567683828541183821e+00,-4.719188399245273224e+00,-4.658375260946033158e+00,-5.075976054559565576e+00,-5.680008765678127958e+00,-6.105365955926144395e+00,-3.128682555230106743e+00,-4.554806956580123689e+00,-3.662032457272258235e+00,-5.622539217553232049e+00,-9.719396791464095742e+00,-9.985454652138948006e+00,-9.104074977064941621e+00,-8.648743972170548133e+00,-8.189436942016868670e+00,-2.620066196960364913e+00,-1.728389475529989783e+00,-1.981908056782464955e+00,-3.378421031192110568e+00,-7.268977511056233354e+00,-8.144903783556596721e+00,-7.877937329660708698e+00,-5.090865748338171848e+00,-3.215685863784098597e+00,-6.333182385791634950e+00,-8.048918073526309058e+00,-4.871097268150497150e+00,-1.276858527665123200e+00,-2.697280088423987254e-01,-3.620639953649852916e-01,-7.853392512553789562e-01,-8.923151002138880461e-01,-4.103955719159579907e+00,-6.039550963762225777e+00,-5.074856403508431590e+00,-3.812272292739157464e+00,-4.401358019657358511e+00,-7.454497687249049598e+00,-9.953758427937819064e+00,-1.140743812003596069e+01,-1.159880689611253501e+01,-1.406812110772405333e+01,-1.605661595060293934e+01,-1.477316222358029130e+01,-1.556374459392946541e+01,-1.721783398654704555e+01,-1.270963359067742360e+01,-1.033488686200908546e+01,-7.186036205590051296e+00,-5.077579042526464193e+00,-8.849374429484630156e+00,-1.629275372799026300e+01,-1.785971293054200615e+01,-1.823313104047164401e+01,-1.720387309898495687e+01,-1.887118312230114370e+01,-1.824154003547140945e+01,-1.249827163343943326e+01,-7.837412073896507181e+00,-6.731695663694736709e+00,-1.275992291374080700e+01,-1.818522800396117489e+01,-1.920645590739831832e+01,-2.014900899436405624e+01,-1.865384601819575394e+01,-1.927610399429222809e+01,-1.995286730002370845e+01,-1.802279097083545167e+01,-1.677512897152253402e+01,-1.355638084918006570e+01,-9.637006423518593934e+00,-7.706515292290491814e+00,-5.884415627667400450e+00,-4.916448528717706878e+00,-7.607058233567374650e+00,-1.058490112881905887e+01,-4.917960102004471423e+00,-5.394692580617277855e+00,-8.444625687623394938e+00,-8.300336770552927845e+00,-9.096828430535836674e+00,-1.067462087557654371e+01,-1.463122888478810779e+01,-1.418438066126847019e+01,-1.544425009116384473e+01,-1.470912202494024790e+01,-1.741539377706339309e+01,-1.698140799592084704e+01,-1.484826598178950441e+01,-1.446339115268478892e+01,-1.389956643272654802e+01,-1.176438382919545766e+01,-1.163241205122385580e+01,-9.994667786585342384e+00,-8.996742847754575223e+00,-7.190309088239938973e+00,-4.187008157031614886e+00,-4.088229204575151599e+00,-8.731649250418531238e+00,-1.177720964395988013e+01,-1.391357876795815507e+01,-1.103467985996546830e+01,-1.003946250043756727e+01,-1.533813843598304771e+01,-2.336085261693200366e+01,-2.753181494340232405e+01,-2.501125242460226517e+01,-2.451625338331179194e+01,-2.912966564562973915e+01,-2.916227120895078073e+01,-2.624191984661491617e+01,-2.610092447618574951e+01,-2.398929948602011208e+01,-2.046380296997785209e+01,-2.204158526124305695e+01,-2.570347185501583098e+01,-2.363909513586835587e+01,-2.349297941001197998e+01,-2.292447635623107516e+01,-1.995818735310518832e+01,-1.852300573746721568e+01,-1.391733544235350806e+01,-1.581510712178842404e+01,-1.990867202537354785e+01,-1.968487440070931171e+01,-2.255442424923271005e+01,-1.877032719332214938e+01,-2.097335833244489933e+01,-2.746536237108989553e+01,-2.710297281692598403e+01,-2.763930877778949835e+01,-2.650657050333779097e+01,-2.315553823878317274e+01,-1.779061868336195928e+01,-1.474188622988189046e+01,-1.768537955874882783e+01,-1.802068451648379366e+01,-1.688593943574142386e+01,-1.615649308819557461e+01,-1.446047593488824923e+01,-1.584370296386508414e+01,-1.622151179517400976e+01,-1.567725594955092205e+01,-1.535230216862884767e+01,-2.202172503921618940e+01,-1.553194193052836347e+01,-1.774211128218791700e+01,-2.476118907589513540e+01,-2.334005544228424256e+01,-2.053021677749524088e+01,-1.958618443487659633e+01,-1.570041760902211436e+01,-1.322288271873646259e+01,-1.497299842090941802e+01,-1.759210064893719760e+01,-1.835981256160452091e+01,-1.787046326176846733e+01,-1.304757378724182537e+01,-1.626214131312518774e+01,-1.715313142506089505e+01,-1.447943494723837965e+01,-1.614684831396059650e+01,-1.509866601656044871e+01,-1.158612790597300446e+01,-1.377354653767041093e+01,-1.869669366930264687e+01,-2.177050572136090878e+01,-1.638028663849375022e+01,-1.333814950109159980e+01,-1.098634332108345291e+01,-8.127361708558813902e+00,-1.280792931943686774e+01,-2.205168661277053488e+01,-2.257890541600720269e+01,-2.399454418429109381e+01,-2.574586774932289046e+01,-2.202193231136346441e+01,-1.532744206927086950e+01,-1.506498288721934209e+01,-1.343034973698648216e+01,-1.191546884426971431e+01,-1.001708938811875171e+01,-1.374406994147222605e+01,-1.188921400323029864e+01,-1.395725468094154031e+01,-1.609091820563245179e+01,-1.731859781029279333e+01,-1.815079608475791062e+01,-1.810074817637178413e+01,-1.303284365528129207e+01,-1.019641379496987277e+01,-1.116769483974289479e+01,-1.315220300214482130e+01,-1.189754050979657229e+01,-1.286678787154291115e+01,-1.235704479744612350e+01,-1.473387622219292759e+01,-1.327631476714960002e+01,-1.391016821789070157e+01,-1.598554817260776240e+01,-1.647095855753958205e+01,-1.725395149034960340e+01,-1.679602688869341875e+01,-1.807878245686907448e+01,-1.601161345351687615e+01,-2.116511976569114140e+01,-2.521332374028958156e+01,-2.295515564420589527e+01,-2.338894226917289743e+01,-2.386988992570344692e+01,-2.505744194449273721e+01,-2.403798601989671013e+01,-2.126157622083273679e+01,-1.687079461511354950e+01,-1.953281487370687586e+01,-2.238065451587716126e+01,-3.067296940317208254e+01,-3.572428694142359973e+01,-3.146443199732309637e+01,-3.072059265510444703e+01,-3.168592057582932853e+01,-3.526085623318206075e+01,-3.070653354905840260e+01,-2.608591019122346566e+01,-2.635247614801607696e+01,-2.705052203897396268e+01,-3.058324063270952564e+01,-2.908967890550928814e+01,-2.051728499655643745e+01,-2.201522850766275141e+01,-2.276380395098316711e+01,-2.148183115000747634e+01,-1.879631984648123222e+01,-1.713621553263628172e+01,-1.380203840485605937e+01,-1.316905499937267265e+01,-2.000736963363630849e+01,-2.078948086279542906e+01,-2.436686102564295098e+01,-2.299915306841822016e+01,-2.283684269279060430e+01,-2.778706620488805612e+01,-2.885333698759481891e+01,-2.634929204812920744e+01,-2.497750208961952367e+01,-2.508837427818605548e+01,-2.187401411031475007e+01,-1.774941607015515643e+01,-9.209919717833571440e+00,-4.639814626571891587e+00,-1.314531431181267962e+01,-1.810628519275499215e+01,-1.959189370399491992e+01,-1.873803606902557206e+01,-1.771546301432285375e+01,-1.694470623308146529e+01,-1.601377653421101144e+01,-1.353163701793697982e+01,-1.206201592071819917e+01,-1.766901486371294894e+01,-2.040088798117337276e+01,-2.104396762506933527e+01,-2.018868618255558189e+01,-1.998933245592384722e+01,-2.166037838580607300e+01,-1.926311770736860041e+01,-1.772446574089516247e+01,-1.714220657254103841e+01,-1.525474611372011147e+01,-1.891088180900283788e+01,-2.107035820226379741e+01,-1.875501521861731646e+01,-1.996095777760577761e+01,-2.074121193628584336e+01,-1.721110243028834930e+01,-1.632279565689514911e+01,-2.031593711787084189e+01,-1.946865999843827311e+01,-1.518071406359943687e+01,-1.642255414319349072e+01,-1.626447643799727771e+01,-1.195439051731302627e+01,-1.585092614071701966e+01,-1.918384500191218223e+01,-2.038494028972954553e+01,-1.798384617637728766e+01,-1.748306314348293355e+01,-2.018281280133591338e+01,-1.834816609724003911e+01,-1.762479851741036541e+01,-1.770955340222101526e+01,-2.010115997603356064e+01,-2.061899260320013383e+01,-1.630056819124530421e+01,-1.721260243830589332e+01,-1.825511118449171377e+01,-1.638917160687015340e+01,-1.576066506874743212e+01,-1.894541495897413697e+01,-1.844925450615730966e+01,-1.745374842632013568e+01,-1.680825185329243254e+01,-1.327339824013761849e+01,-1.246195019960300066e+01,-1.402988160521365835e+01,-2.110770894943621911e+01,-2.117528283182071291e+01,-1.463488712460844354e+01,-9.635052095714931042e+00,-1.242282007799903631e+01,-1.209458898883435651e+01,-1.021058063134238836e+01,-4.748641449323868002e+00,-8.311314616586233939e+00,-1.096621149803238104e+01,-6.632438397813848141e+00,-6.477279098287765713e+00,-7.396899703808458959e+00,-7.542630445519391991e+00,-4.597642593058899330e+00,-3.531989532352844297e+00,-5.555078020697411745e+00,-1.871341903668448481e+01,-2.118751826782157011e+01,-1.601833350396418609e+01,-1.943571127873177318e+01,-2.480947423021252618e+01,-2.557522930728059052e+01,-2.047396138235171037e+01,-1.752862171142805536e+01,-1.681739524883215964e+01,-1.638182520873818149e+01,-2.210032466502580206e+01,-2.415251419281820233e+01,-2.816932370697785615e+01,-2.871879920769943695e+01,-2.443805685781097026e+01,-2.206999609553264463e+01,-1.946044216757753986e+01,-2.017451381102441843e+01,-2.474528014969526879e+01,-2.660199633123274765e+01,-2.277017841534890863e+01,-2.460595237022901216e+01,-2.327828519099793070e+01,-2.194463872351539280e+01,-2.028662278296027566e+01,-2.045428203306732584e+01,-1.686043748593884217e+01,-1.613433679990496827e+01,-1.862333106764899426e+01,-2.208733910483593021e+01,-2.429678240986820725e+01,-2.302678989317758607e+01,-2.090294910680585261e+01,-2.100893632731555627e+01,-2.092459236062113703e+01,-1.576005853404426915e+01,-1.421777927839187328e+01,-1.501046438392813798e+01,-1.559736648043339535e+01,-1.242447215410498629e+01,-1.039015153186568163e+01,-1.392936977139337884e+01,-1.549389545112910760e+01,-1.711075116767691640e+01,-1.689240329657090101e+01,-1.449261999997684036e+01,-1.352801229740984823e+01,-1.431711685958151214e+01,-1.538483890860053549e+01,-1.364248586277482111e+01,-1.460070746732951719e+01,-2.003826022108569660e+01,-2.054985790571893745e+01,-1.957898409243865601e+01,-1.821214618685985798e+01,-2.088318837156020891e+01,-2.248436958215368975e+01,-1.915179560311733908e+01,-1.912784431519999018e+01,-1.703897400224209591e+01,-1.914746265404682646e+01,-1.312327659199839758e+01,-1.364026005921194340e+01,-1.464003532945818620e+01,-1.163573921919073939e+01,-1.394099019825701014e+01,-1.499451213684202422e+01,-1.520475470339488666e+01,-1.736320963038383169e+01,-1.526916846368993497e+01,-1.268007429391356666e+01,-5.692160902870958772e+00,-8.943475277290760417e+00,-1.263997052131282928e+01,-1.688518144950545619e+01,-1.331372099115845131e+01,-1.311510077793839990e+01,-1.459540629460917494e+01,-1.154564104810419067e+01,-9.441209076688119595e+00,-1.020566977410095078e+01,-7.421367617634745173e+00,-5.836728465325039750e+00,-9.823451442507624698e-01,4.612291394925456187e-03,-6.600486283541491694e+00,-1.320188198207077335e+01,-1.485031358919442646e+01,-1.344784878166339226e+01,-1.275926538772609398e+01,-1.198614031350882847e+01,-1.255766945227924047e+01,-5.540211355145134853e+00,-4.080277719529266989e+00,-6.048425145666009861e+00,-6.996094153212302658e+00,-7.611793814479335119e+00,-1.031279276433345515e+01,-7.840463707080162159e+00,-1.014221809559747634e+01,-1.419450916481435954e+01,-1.751264492745155010e+01,-1.642151194348667076e+01,-1.372034364356214375e+01,-1.169988646158270384e+01,-1.183196716549214500e+01,-1.121050345365892298e+01,-8.059314567413895958e+00,-9.302767935732994431e+00,-9.594257725374408352e+00,-1.133586435365365297e+01,-1.166521375751425538e+01,-8.269824412739056996e+00,-8.866095468353206499e+00,-9.968890598195622843e+00,-9.640147578097584713e+00,-6.690765179114185557e+00,-6.095569403540579856e+00,-9.866326343620960060e+00,-7.201051821499415695e+00,-6.855793035075976150e+00,-7.432036446867091861e+00,-7.504477099848010369e+00,-8.912393504397844168e+00,-9.319546901680114459e+00,-3.845848955097411981e+00,-4.544651721978319792e+00,-4.266422675400774800e+00,-6.335748655117589223e+00,-1.240326071229866933e+01,-1.129608108017228574e+01,-1.154589934411792385e+01,-1.098770245103935750e+01,-1.086311177972350883e+01,-1.237852891870094751e+01,-1.260395686554147865e+01,-1.027540570129945330e+01,-1.535406690973019117e+01,-2.261830808980894147e+01,-2.251034383302199160e+01,-2.201222529225516311e+01,-2.343359407413034745e+01,-2.366294554185798660e+01,-2.060942688477170748e+01,-1.711934632511574250e+01,-1.755320217470093880e+01,-1.825615315033151020e+01,-2.121868750866814679e+01,-2.117242838677676176e+01,-2.132096395477959305e+01,-2.000170580475680993e+01,-1.483468430165645913e+01,-1.008053945809153440e+01,-9.641875945689228899e+00,-1.535035872690978564e+01,-1.646503779008657631e+01,-1.677570844866979272e+01,-1.767987719600716545e+01,-1.534071464978512367e+01,-1.487858160922941408e+01,-1.419855680530207387e+01,-1.362743929012219191e+01,-1.970628663455451601e+01,-2.163148743345135117e+01,-2.121041590439053337e+01,-2.381712347963831888e+01,-2.103279662306992037e+01,-2.328033506987393508e+01,-2.544553990688276457e+01,-2.233693241277554620e+01,-2.356949686920867393e+01,-2.640611665536335906e+01,-2.907303501318769889e+01,-3.351237168020360713e+01,-2.989441392846594781e+01,-2.942979246308394181e+01,-3.198639951875592047e+01,-3.256935194413495083e+01,-3.107186983573406991e+01,-3.351609112235271226e+01,-3.316330100199301256e+01,-3.117108116855375854e+01,-3.225531070850144744e+01,-3.394144261512190042e+01,-3.838545494613327946e+01,-3.013105652116880506e+01,-2.975310551053247821e+01,-3.520697613041857466e+01,-4.068967994383616826e+01,-3.696787127161238828e+01,-3.401050304385933032e+01,-3.920516698247679699e+01,-3.876705064379656562e+01,-4.192120319808088169e+01,-3.833541961736877823e+01,-3.790886169912923265e+01,-3.848814762906177833e+01,-3.592506622474637368e+01,-3.329922983698060790e+01,-2.818532820380072934e+01,-2.616424526815843521e+01,-3.013867846940754092e+01,-2.926090972321608419e+01,-2.746338187692349919e+01,-2.577015851051229589e+01,-2.808049994462108145e+01,-2.662910377392468675e+01,-2.562506570508173098e+01,-2.767153111310371472e+01,-2.787988703119545519e+01,-2.862627327094239149e+01,-3.087044504438899040e+01,-2.826605657457402287e+01,-2.619610256988816843e+01,-2.847848899592214522e+01,-3.041308034493861001e+01,-3.089990471521880977e+01,-2.267428206923637291e+01,-1.715190817235959031e+01,-2.616118141299503108e+01,-2.810106058836698750e+01,-2.476970736374699200e+01,-2.116620347278545111e+01,-2.008953209546779561e+01,-2.191212602975400614e+01,-2.397496728111113740e+01,-2.601873032559784349e+01,-2.620955682051620528e+01,-2.644498072961001611e+01,-2.324615695477232080e+01,-2.015438180411615221e+01,-1.811202175362830502e+01,-2.194224333061454502e+01,-2.020975673519377835e+01,-1.945504790873743417e+01,-1.510867688205177117e+01,-1.289083109840262864e+01,-1.077721401540099500e+01,-1.564664120875118947e+01,-2.197454829755420747e+01,-2.128817043946466114e+01,-2.319436086359156235e+01,-1.911686923481999401e+01,-2.524756073569374237e+01,-1.972043169442736144e+01,-3.055052609478252190e+00,6.350985666523624174e-01,-2.385623499072984932e-01,4.589161290332093301e+00,-3.968077840837617831e+00,-8.173892198296087486e+00,-1.269054911449138956e+01,-1.760088585861551280e+01,-1.475927852303524368e+01,-9.517650759993266263e+00,-1.021362588368328694e+01,-1.197987775240844499e+01,-1.331731649492242120e+01,-1.408818930939112768e+01,-1.423066222622749066e+01,-1.802684928060551428e+01,-1.905449666368819805e+01,-2.064171296496417796e+01,-1.629252029536723256e+01,-1.459575867272817895e+01,-1.794907881420059326e+01,-2.009568134215060553e+01,-1.996157473117574810e+01,-1.949018152656682901e+01,-2.258564710316131396e+01,-2.323238680283136404e+01,-2.635947775877806265e+01,-2.950239531860182396e+01,-2.007753619603945339e+01,-9.453305917970244110e+00,-2.896376801152244607e+00,-4.573401908004274929e+00,-9.572275038155817484e+00,-1.369064151253638251e+01,-1.292736149888860453e+01,-1.272067597932648297e+01,-1.335760681138281569e+01,-9.119071094581414627e+00,-6.298862282216318498e+00,-5.514423642678153215e+00,-7.947006640488794460e+00,-5.475714098091031268e+00,-7.231095504542260244e+00,-5.323318391694810359e+00,-5.843464757825103106e+00,-1.365972448809270601e+00,1.949365229059246474e+00,3.305466906324872500e+00,4.872266071419001143e+00,3.039600638964318757e-01,-2.392617136817243306e+00,-1.070756958978246942e+01,-1.167670353465279298e+01,-9.892739790244503340e+00,-1.089434225309761928e+01,-1.195864006865777363e+01,-1.469987960062992371e+01,-1.748595619119196343e+01,-1.908114646434843920e+01,-1.918436370224444687e+01,-1.396294613593292233e+01,-1.398522556199591449e+01,-1.967598164324380861e+01,-1.891967985026770904e+01,-1.891980206319727387e+01,-1.760534515584964765e+01,-1.868499911965184523e+01,-1.754750213405817050e+01,-1.789266971811305140e+01,-1.780596888441287362e+01,-2.208489385673230743e+01,-2.255532108114071121e+01,-2.186457191941309475e+01,-2.188333786025551220e+01,-2.103062657221264331e+01,-1.536300089785584255e+01,-1.807578262806955038e+01,-1.795521567078154490e+01,-1.790451816954881181e+01,-2.043749494087312257e+01,-2.000308435300573251e+01,-2.414082340050502751e+01,-2.130064003273762907e+01,-1.992269266657883264e+01,-2.057300375791247760e+01,-1.520043417196161961e+01,-1.489166355944056619e+01
1.044155085523083848e+01,1.184959519109038695e+01,8.727590736571103847e+00,-7.992237078830239927e-01,2.677631290357107563e+00,5.007119237696429082e+00,2.179049596859948146e+00,1.527542225726036706e+00,3.299946023318987898e+00,5.718274395868923499e+00,6.588777778511472505e+00,9.651312128207235830e+00,1.256482665164570989e+01,1.091266612819637594e+01,8.897223433169545004e+00,8.736918880147728217e+00,9.467408683458794272e+00,1.481694694519791433e+01,1.566664526469066665e+01,8.870622212791268169e+00,3.606138863988044285e+00,3.184984848099257526e+00,3.975398747039994962e+00,7.723250638849362693e-01,-2.706064726084430827e+00,-5.872194345748836142e+00,5.127614488635994228e+00,1.267634508945564953e+01,1.857906164071943778e+01,2.145485252488260741e+01,2.100391597635213614e+01,2.229553039811752413e+01,2.206323073856057349e+01,1.489085224807135255e+01,1.251678455700261949e+01,1.812602712077097067e+01,2.014782436275591593e+01,1.928887604442390469e+01,7.710388490851749488e+00,-8.699968928472131546e-01,-1.652253148500586688e+00,-3.722580684739435153e+00,-7.773689803234256956e+00,-5.900075031704330897e+00,-1.065212379400073628e+00,8.169403907579765090e+00,1.137444593182414998e+01,1.304344090911104814e+01,8.395624213837523442e+00,9.045036318571165523e+00,8.959133856730124634e+00,5.814613903464521449e+00,1.045609984978441931e+00,-1.963296800736693756e-02,-8.244188157977904163e-01,1.234971786492225165e+00,4.720122447710243030e+00,7.373458206299499551e+00,1.018322826803898096e+01,8.351509368009100598e+00,1.965438539225589087e+00,2.045718715688938261e+00,5.172612823044295260e-02,-4.469342544856612420e+00,-6.047915597485102879e+00,-7.855563160710646309e-02,1.588570562362032534e+00,-2.093892363788393052e+00,-4.344043413531482045e+00,-7.235474488083747602e+00,-7.954051940002877075e+00,-5.035336349666073019e+00,-1.331000295828411728e+00,-3.098761803978377083e-01,-1.796902579118969667e+00,-3.525682984745960535e+00,-6.903399126350011628e+00,-5.870418565452988346e+00,-8.812986377830851481e+00,-9.221499223863865780e+00,-4.578654670966461282e+00,-3.579006034848008166e+00,-6.366795996026519688e+00,-8.684618381444556334e+00,-5.445095266070826057e+00,-8.169483342639797030e+00,-1.240832648814332551e+01,-1.226268398000048698e+01,-1.206325593847814481e+01,-1.041106035569413102e+01,-8.612321106593599396e+00,-6.223850185158633863e+00,-9.726013905305816110e+00,-1.055948754887912777e+01,-8.978139524847891906e+00,-1.013327274049129656e+01,-1.105216841873030909e+01,-1.381461586534840613e+01,-1.724141292786108792e+01,-2.034296088561646343e+01,-1.691052127883527234e+01,-1.437893632308792569e+01,-1.562849749775888064e+01,-1.091651933406406094e+01,-4.851737785819848270e+00,-9.893515733454685823e-02,-3.046394442413783432e-01,-4.119066669521465940e+00,-5.437891003542191015e+00,-5.694915181104509116e+00,-5.712497234777577759e+00,-1.007242977289775077e+01,-1.498319538534449258e+01,-1.750989004254765291e+01,-1.431109798778487097e+01,-1.322003305121636707e+01,-1.305726611683156158e+01,-1.192745608928782453e+01,-8.705099477011998488e+00,-7.585166884367177786e+00,-2.884137544011552645e+00,-3.254751841086775510e+00,-6.709987147305541910e+00,-1.297013257327588853e+01,-1.305495517967120556e+01,-1.507509781601826937e+01,-1.430186749218675324e+01,-1.388572388013340664e+01,-6.628479487984671792e+00,-4.451839344947444488e+00,-1.628284468298015097e+00,5.462053278021702374e-01,6.407561210753021541e+00,5.299305348161581719e+00,-2.303898663714642137e+00,-5.302534377781432440e+00,-7.915047940496979351e+00,-8.089847279498410870e+00,-7.322229854905289770e+00,-8.496925330701753154e+00,-1.056310570622711076e+01,-1.023790241862893602e+01,-6.688567901574517194e+00,-5.480534101267071634e+00,-7.768940516967791865e+00,-6.915849974141751844e+00,4.798609377024373179e-01,5.982820458867376345e+00,2.299108843510842881e+00,-2.713228995772609675e+00,-1.427460747790153806e-01,2.942963296484081059e+00,4.119078617206367809e+00,6.231212287979331244e+00,7.631496564610351641e+00,4.011986873742586113e+00,1.953030477626357841e+00,-1.053158381319036385e+00,2.965265896906084997e+00,4.451996932885573521e+00,3.097707902154223536e+00,2.374380780640197308e+00,-9.432185142848844572e-01,3.101768747775314861e+00,3.124731119068062668e+00,1.641219241591293398e+00,1.794087173371049060e+00,2.021763986685058967e+00,5.460338650155962092e+00,5.712921520235505923e+00,-5.447261575180466053e+00,-5.266612655255942244e+00,-1.570130179936231718e+00,-7.173811804911364831e+00,-7.614327231479432356e+00,-8.797429508332298198e+00,-1.239541465950914123e+01,-9.088167167151523174e+00,-2.008367227748454109e+00,-2.037471953052027107e+00,-8.679648210345208170e+00,-9.791621171539741653e+00,-5.180859019264531184e+00,-3.731596695890940563e+00,-3.879480262108937705e+00,-1.922888561436305599e+00,-4.954199667720248224e-01,-4.692844366544571599e+00,-5.430155919427640754e+00,1.480097631316639850e+00,5.307597406253227845e+00,5.335290217430417314e+00,1.514856966271324490e+00,-5.346521173769252400e+00,-3.264322699656454940e+00,-5.217878717219187834e+00,-7.342557237379693902e+00,-7.685811474023953593e+00,-3.253615742965166202e+00,-3.694755739919167947e+00,-4.448132839310110498e+00,-5.451459982508541913e+00,-2.886185904482073905e+00,-3.059282596933458276e+00,7.194796675371802896e-01,2.496214958575147802e-01,2.483581922953795595e-01,2.234018946799432026e+00,2.596029020061696890e+00,2.656046365342444204e+00,4.279117585726999629e+00,4.147123329023947313e+00,-1.048205745871127581e+00,2.050840757558190786e-01,1.354399051213453165e+00,1.472158518039871966e+00,-3.928970864705314536e+00,-4.078123445329890018e+00,-2.057312540635039877e+00,-3.168505103756468211e-01,5.617742499308947535e-01,-8.303942817080406380e-01,1.012168806637164353e+00,-1.097144473599939607e+00,-4.651206616225742607e+00,-6.032793193240143736e+00,-4.534692304294663856e+00,-5.225126934586530325e+00,-7.364924950088326483e+00,-8.296090023132691726e+00,-5.200353477500849309e+00,-7.093731954410516849e+00,-9.468768132022036710e+00,-6.529953949613947373e+00,-3.609026715909075644e+00,1.099783547830350594e+00,2.196602023486793787e+00,-1.010464100146783784e+00,-3.487661906769516929e+00,-4.215568957706818054e+00,-5.242210188653029235e+00,-5.810970534835627532e+00,-5.114605372500689029e+00,6.869259570578151175e-01,1.487672234042445973e+00,-7.371097604082955002e+00,-1.012112504881021202e+01,-9.084689524727933119e+00,-5.583774222123386366e+00,-4.289757114243368363e+00,-8.303019473976764431e+00,-1.367433731803148511e+01,-7.504360015695198172e+00,-8.015648847241465091e+00,-8.086142838241160646e+00,-6.206644573891445305e+00,-4.275349509823591632e+00,3.337114185559831858e-01,-1.186186618707400831e+00,-2.366444143090070451e+00,-3.537192702437294667e+00,-6.768830742952456347e+00,-2.433059381367411955e+00,-2.472353795927627385e+00,-5.220624032838561135e+00,-7.238881868457142099e-01,6.320974617572166387e+00,3.149732030615393086e+00,4.767827208922189364e+00,1.666545714365613273e+00,-2.617048855478710134e+00,-6.823314895067371211e+00,-1.812349388240830583e+00,-1.208752605169861161e+00,-3.053554254134169366e+00,-1.992838626835594651e+00,2.307485103878897659e-01,-1.887519785880146517e-01,3.248960483242520070e+00,2.743729989461224150e+00,1.809777803975200827e+00,1.769097624789406575e+00,-3.403400070661601884e+00,-8.118662868244888031e+00,-8.429307250612190217e+00,-1.032765566028186477e+01,-6.006327468863428720e+00,-7.305021700838123522e+00,-1.181958938542376991e+01,-1.275189853628230985e+01,-1.361608545872259235e+01,-1.464688966250598945e+01,-1.646732967273159076e+01,-1.688211787154244092e+01,-1.552313356803275646e+01,-1.429300544040599341e+01,-1.385556534152289920e+01,-1.462280983042755089e+01,-1.570478604316860682e+01,-1.435475329028943747e+01,-1.452888905672541320e+01,-1.919261197368498983e+01,-1.844871802579078235e+01,-2.201027174995014946e+01,-2.277329338890652366e+01,-2.274880534462331383e+01,-2.082398252959734819e+01,-1.784204880888083622e+01,-1.916809857547884377e+01,-1.876093098521546310e+01,-1.944462561798664169e+01,-2.163690654156309279e+01,-2.280224796040458912e+01,-2.133550921342295226e+01,-1.915076224046614684e+01,-1.947601108905083933e+01,-2.226161648434108642e+01,-1.947329174612163882e+01,-2.109783658923817384e+01,-2.183598983692830942e+01,-2.032145866713111459e+01,-1.783119048330496881e+01,-1.585063038773506072e+01,-1.814346326195321524e+01,-2.003768394797073071e+01,-1.821270167332961165e+01,-1.487757829652171715e+01,-1.309978791795139763e+01,-1.375875941887081488e+01,-1.620632265142035067e+01,-1.450862547412590864e+01,-9.615109279286318866e+00,-6.610608986069038906e+00,-1.370019780955126443e+01,-1.394793429460608358e+01,-5.954329679030411882e+00,-4.762281709842932642e+00,-4.202305653661030149e+00,-6.297655842058187403e+00,-4.613307985288267687e+00,-4.444982329225810602e+00,-2.163843554441200911e+00,1.257880853664665510e+00,7.704338519168803856e+00,9.882481399878846773e+00,9.379552763249996872e+00,7.148274745015621434e+00,4.518822190298720898e+00,7.905252135994821572e+00,8.879404128060969015e+00,4.855091617936269976e+00,-6.549650314654794414e+00,-8.380682140409856373e+00,-6.676382048586249951e+00,-1.055700046402246350e+01,-1.020904577169490146e+01,-3.434286660816347148e+00,-8.752327620009451303e-01,-1.615039716607193088e-01,-1.926074694527658115e+00,2.754817932167052508e+00,1.029926845857153106e+00,3.549665747804086058e-01,-7.088323661946193122e-01,-1.530555193107372425e+00,-7.768487555086421859e-01,-8.058545051347257293e-02,-1.610098052525701595e+00,-5.283066429212496473e+00,-7.814344169618209435e+00,-7.403571379701282318e+00,-6.153931399750093512e+00,-3.607788093679188401e-01,1.198064553612520289e+00,-6.089373563463502670e+00,-3.976959546352992536e+00,-2.550736222258526809e+00,-3.083873711749403945e+00,-4.725985846881758157e+00,-6.079717543289000048e+00,-9.115478689456180561e+00,-1.163656398691460048e+01,-1.002051027967398866e+01,-8.777779592179589585e+00,-1.335084103264385114e+01,-1.531794616636916828e+01,-8.088974876800067548e+00,-4.416179144143403512e+00,-9.282323284370214367e+00,-7.234183116215685772e+00,-2.226232664106479131e+00,-4.486076070043340636e+00,-4.611490858648163993e+00,-2.802883220814744281e+00,-3.779767523986663491e+00,-7.175032828822044628e+00,-9.929280919670590677e+00,-1.312073341087745071e+01,-1.471085779987100040e+01,-1.276755773334616251e+01,-8.653772028092699742e+00,-1.194558116895477440e+01,-1.217789558906669711e+01,-8.822658453043004556e+00,-7.809193357828792870e+00,-1.048016229747164552e+01,-8.419252801796416108e+00,-5.243008997608363586e+00,-2.985049241433315625e+00,-2.671037295549673285e+00,-3.002787553747534144e+00,-4.210410596085885970e+00,-3.397611806680149282e+00,-5.542884901522610264e+00,-4.807508104746586852e+00,-4.253359274934478407e+00,1.247014319932458759e-01,-5.918417122299622912e-01,-2.165159828671714859e+00,-2.129167603279999543e+00,-1.108181934099840893e+00,-2.124316812936191123e+00,-3.249007747209313290e+00,4.985431660822653432e-01,-1.318968806306633317e-02,-3.617326793090567261e+00,1.226787327138149530e+00,-2.803028748968335870e-01,-1.490763192548354210e+00,-1.923767960692323475e+00,1.603923064457255743e+00,-2.114223772012839009e-01,-1.312320678453863465e+00,-3.064168910637116383e+00,-5.910634609158142538e+00,-2.812781394440161620e+00,1.671983497813745168e-01,-5.470255876514400484e+00,-6.664222767357474098e+00,-8.121736296166769620e+00,-7.077490240663188992e-01,7.756566019928757605e+00,9.126435405276899004e+00,1.367946867859207671e+01,6.877428900452399851e+00,8.916212400604583976e+00,9.372646324912320637e+00,-3.403607528267528881e+00,-3.331273754718510727e+00,2.158752766585735117e+00,2.204551849704554645e+00,1.353199658600719779e+00,3.356451589541713521e+00,2.207200709936719463e+00,1.165711704614123656e+00,2.030555845670673598e+00,1.546978658895517278e-01,-5.026931003165000078e+00,-4.526296202273645264e+00,-3.145340394409719131e+00,-3.228810436997943789e+00,8.510381728338961560e-01,-1.759684198544947620e+00,-4.372146378329282990e-01,3.504306561245634555e+00,2.224410931632778254e+00,-1.471440994177436457e+00,-4.787275474952044085e-01,-2.766862657977839923e+00,-3.678999311947515949e+00,-3.792372162412464220e+00,-4.567571737312952962e+00,-5.969245939376663479e+00,-5.808715041497177545e+00,-3.485850499164159899e+00,-4.563507705055917185e+00,-6.614182533654374474e+00,-6.141972291141714280e+00,-5.632985004708672250e+00,-3.676303931847104689e+00,-7.025342833923662766e+00,-9.320692048356788106e+00,-1.120310017010830350e+01,-1.022492267634820706e+01,-1.408604055107057462e+01,-1.397856249666740247e+01,-6.492265244462638307e+00,1.198593619119611597e+00,1.701470571981575919e+00,-5.300356407512135881e+00,-1.240515037046645652e+01,-1.121906600961534117e+01,-1.142159879155455648e+01,-1.338494575365564820e+01,-1.384804220551601439e+01,-9.983593891587110747e+00,-7.477913759630312462e+00,-3.824305120269110070e+00,-7.277834391108857659e+00,-6.692920648784080662e+00,-1.906637709323579122e+00,-1.465557388946532091e+00,-1.287744497468421123e+00,5.323356132070737878e-01,-2.649825635420071546e+00,-4.572176467161122915e+00,-1.931457044237775866e+00,-1.864397440739737233e+00,-4.617010353564817038e+00,-5.309489216518567645e+00,-2.590825094256979030e-02,-4.294834653071234465e-01,-3.014562232347957060e+00,-8.222670474201809299e+00,-6.743707759600118479e+00,-8.156775760406445031e+00,-1.010807834143633599e+01,-9.459494878448595045e+00,-7.832818140658188710e+00,-1.452831759890848140e+01,-1.425065197172616216e+01,-1.589970965738476671e+01,-1.532052675170773703e+01,-1.538356708971196873e+01,-2.086065502539947758e+01,-2.077521468484475875e+01,-1.745323853967225602e+01,-1.877991488711712975e+01,-1.986432139655849127e+01,-1.939791456367997213e+01,-1.890436689647384938e+01,-1.224905880567770033e+01,-9.189328037534711058e+00,-8.078751003713664502e+00,-1.213687673949167056e+01,-1.558011627306593461e+01,-1.363473693760925620e+01,-8.189758094839964642e+00,-8.322013785832163890e+00,-3.792702053165562415e+00,-1.109058641852950222e+00,-3.246419728650079772e+00,-7.724881818161348335e+00,-8.438399607290680393e+00,-7.389926452244049315e+00,-6.795174880281441787e+00,-8.463620596534616070e+00,-1.005184178500034342e+01,-1.170174980268630271e+01,-1.125904118150529065e+01,-8.164344771316482507e+00,-1.046828416623225344e+01,-1.004449730984621070e+01,-9.123577964525370732e+00,-6.763707811960539829e+00,-2.943450941997622916e+00,2.241179299917768208e+00,5.932577869388216740e+00,6.598961352744895370e-01,-3.968503122215039536e+00,-4.158769926160889696e+00,1.719320065859365199e-01,3.285646691644279027e+00,4.350947247463964551e+00,7.573121397411784805e+00,1.097213741121076858e+01,5.530713956034126744e-01,-6.596292638568870714e+00,-5.192132641648624869e+00,-5.102462760776120376e+00,-2.319379758522243318e+00,-5.113203436221905207e+00,-8.777094231585783390e+00,-1.250974621062089831e+01,-1.163756790346669590e+01,-6.973267311409056646e+00,-5.627335501444849619e+00,-1.006167510358353034e+01,-1.381737691655767009e+01,-1.164126293230278186e+01,-7.133081976503149235e+00,-2.765856690428313280e-01,-3.392122982012027332e+00,-8.764021920550129963e+00,-7.514201828245003156e+00,7.068335034791719540e-01,2.481913329538528501e+00,4.816392590706213284e-01,1.487920488542505693e+00,-2.022582480456345255e+00,-2.763843718859287257e+00,-4.314493803744454681e+00,-3.197941087362617729e+00,5.233203243650959458e+00,2.316556666493463368e+00,1.613859204347974696e+00,7.368305354861272249e+00,2.759147197999629153e+00,3.965473128273910852e+00,1.582089671616170179e+01,1.600211590867944977e+01,2.190359199433767756e+01,2.283433101065151050e+01,1.376830208868565464e+01,1.403528282711775610e+01,1.782762312372291547e+01,2.119145025250608327e+01,1.494694128114538145e+01,9.652889775892845137e+00,7.246854351297478125e+00,5.949294060614433555e+00,1.044628243569804837e+01,1.200860193476896320e+01,6.102189044198691903e+00,1.785591513059991753e+00,3.778850587973124675e+00,4.560696740605067134e+00,7.209256694882512084e-01,-3.165705549609680869e+00,-5.415321541260354365e+00,-8.170440062330680320e+00,-9.937177481704003057e+00,-9.422278009405509636e+00,-9.996202828638576676e+00,-3.793298553500590753e+00,-5.558609791215877394e+00,-1.068508120635259040e+01,-1.226499092379367362e+01,-9.481632632218177648e+00,-1.079598713037256807e+01,-7.161060322188602001e+00,-4.392353856575820892e+00,-3.757989821327697211e+00,-5.133958495317597404e+00,-2.123900462458594429e+00,-2.483287902734534924e+00,-4.186187472149186739e+00,-2.020639025564475943e+00,-2.637939144606570308e-01,-1.426095344034953305e+00,2.394496033492755416e+00,4.907316651456515189e+00,2.677520729744833350e+00,6.479998925397429055e+00,7.159616848343601347e+00,4.789487228868318347e+00,1.654819010750385955e+00,-6.392444711819875280e+00,-7.519726551338160370e+00,-4.890448991967154768e+00,-2.938334750788663907e+00,-4.065691658849829970e+00,-2.300574014362637865e+00,-5.628811889400830104e+00,-9.568236002043807531e+00,-1.074216642302311620e+01,-8.297402862512861077e+00,-1.027655332802891230e+01,-1.265132088217641915e+01,-8.162412062456835926e+00,-5.876469414856731355e+00,-4.737989399447265271e+00,-8.954293416180137299e+00,-1.008531407505417832e+01,-9.183216790554206810e+00,-1.423592565453471437e+01,-2.001827044640000608e+01,-1.901501194797238270e+01,-1.681455153901305266e+01,-1.517527038346050894e+01,-1.938186929043919804e+01,-1.951614019689199608e+01,-1.854742945745284999e+01,-1.526374627181229648e+01,-1.255203831598294784e+01,-1.420017496976615234e+01,-1.722093549300962323e+01,-1.929101200942651673e+01,-2.398881226065985928e+01,-1.978127117568405424e+01,-2.184202666828004169e+01,-2.386414905751920656e+01,-2.613857060619356787e+01
2.665363176210466989e+01,2.711089291274802449e+01,2.442653510821390839e+01,1.162669713723025922e+01,1.125921682879303809e+01,1.277811252319708579e+01,1.060294232652503688e+01,9.314033548763960724e+00,8.383924676585138513e+00,7.331296864158276527e+00,6.720412204184680327e+00,9.109135158715613301e+00,9.285830677126707400e+00,7.861047743560100720e+00,1.731686470223044116e+00,2.352146763625182491e+00,8.854687267375823012e+00,1.252965307999371980e+01,1.291699966488091711e+01,8.076137976160822518e+00,2.861215409287134026e+00,1.887691715049510388e-01,8.809948569276336849e-01,-9.529802893483729775e+00,-1.912384438820592791e+01,-2.171024401069637833e+01,-1.774240209909084243e+01,-1.097303486355342095e+01,-1.142326167711892992e+01,-1.341734995220171633e+01,-1.447627378677952414e+01,-1.135773118988782215e+01,-9.300690051996040708e+00,-1.540505997649221115e+01,-2.091312692433785969e+01,-2.212205516420043239e+01,-1.826251692274204430e+01,-1.418528380192764971e+01,-1.644180746390317793e+01,-1.400265988430559894e+01,-1.252122265091997377e+01,-1.374017949613279299e+01,-2.149499034944320286e+01,-1.874052212902309122e+01,-9.138606675488857078e+00,-3.734842849707395995e+00,-4.494928577378644263e+00,-2.570643585519130969e+00,1.910740674159418395e+00,2.285951201252685916e+00,-5.468039579880120904e+00,-9.245828616346166484e+00,-9.980999322092246828e+00,-9.562488453033349600e+00,-8.312824202621392544e+00,-6.843287960641910139e+00,-4.221366925017464133e+00,9.002730518057170395e-01,-1.122555983446499761e+00,-7.602284410434636541e+00,-1.357639695679099212e+01,-8.946598627525675695e+00,-6.367802596243100410e+00,-3.945593485691926805e+00,-4.189262677470356522e+00,-6.053350751842996758e+00,-9.738923683684044263e+00,-1.341208808216245174e+01,-6.920813741788082396e+00,4.206323691953703370e-01,3.730440481909156336e+00,3.730937060824447205e+00,1.658352667078567100e+00,2.122091294474139023e+00,4.052970760063138833e+00,7.738711419901449950e+00,6.259728466676894421e+00,2.325212501571064738e+00,-5.088994743090831996e+00,-5.317969268377674474e+00,-3.758065101940800901e+00,-6.221749446572931497e+00,-8.613131536526452692e+00,-8.510622465758501676e+00,-7.523378343803208246e+00,-7.316392449395276110e+00,-1.098169003650778563e+01,-1.305594111768738408e+01,-2.031240708096829195e+01,-2.817313599484457853e+01,-2.868628773175777269e+01,-2.887652392592209338e+01,-2.866066984337071233e+01,-2.635713691273381443e+01,-2.437848717206930260e+01,-2.558693043601881811e+01,-2.616331858421513701e+01,-2.412888039251749817e+01,-2.165304461128519264e+01,-1.845841742372242322e+01,-1.800191427807753897e+01,-2.106448467441072836e+01,-2.013091635766451049e+01,-2.006942075668352743e+01,-1.874331642008935006e+01,-1.522761769420887035e+01,-6.810057698584552455e+00,-5.848206833410244165e+00,-5.957577055215620199e+00,-3.744032028775672760e+00,-8.065402546588835264e+00,-8.896286312468486557e+00,-1.523365897321976092e+01,-1.809548987791355756e+01,-1.479608295953375219e+01,-1.573759819398989990e+01,-1.948376133662588572e+01,-1.979784552546276188e+01,-1.927482687185249333e+01,-1.841071338164861615e+01,-1.671515285267242135e+01,-1.218146859388008707e+01,-1.539190438598792987e+01,-2.029676602533402985e+01,-1.723149529088959397e+01,-1.615142765681530790e+01,-1.868014294734047454e+01,-1.825389158844033943e+01,-2.064014720469416631e+01,-1.782032162098007078e+01,-1.930835015313325442e+01,-1.931932051979045539e+01,-2.096786429103020666e+01,-2.741743940181169137e+01,-2.739363046707812899e+01,-2.938931552145513137e+01,-2.854432889598477630e+01,-2.610576183361527569e+01,-3.283974794111473727e+01,-3.901937061747886304e+01,-4.026882696167756848e+01,-3.694522919193288857e+01,-3.398755598091938168e+01,-3.202934928540478410e+01,-3.017524890592984477e+01,-2.969959790191622417e+01,-2.766983335581498693e+01,-2.578659005973878138e+01,-2.682037926598832911e+01,-2.701402989610729932e+01,-2.874495906555550206e+01,-2.470139706983238526e+01,-2.107269761032976874e+01,-2.367161533312300747e+01,-2.419407869091883256e+01,-1.924596776276098709e+01,-1.130168842222112069e+01,-9.685873932717289136e+00,-8.705031902386766163e+00,-1.322056326135404625e+01,-1.582612582326214401e+01,-1.218215776666430550e+01,-1.333858891330809726e+01,-1.481656745342581338e+01,-1.313136705922481084e+01,-6.707080824283293552e+00,-1.164627644627516334e+00,-4.891894799024998797e+00,-6.239594717958270031e+00,-5.209588197350290883e+00,-2.317223408467682155e+00,-3.434725117893016044e+00,-3.842518627472499837e+00,-8.424297025177137854e+00,-1.328250656187500311e+01,-1.790256170011382508e+01,-2.368082486216955118e+01,-2.130934497189941368e+01,-1.583296132158065816e+01,-1.765045328528838553e+01,-2.130359799021345069e+01,-2.214921894514562339e+01,-2.268354789648170922e+01,-2.420213552075983188e+01,-2.119175076399876190e+01,-1.899491131075829031e+01,-2.224957466716049126e+01,-2.138230732421719438e+01,-1.827023492525826143e+01,-1.464470909531489085e+01,-1.387223574748140997e+01,-1.932135865999660140e+01,-2.028679898302728901e+01,-2.086675128130458745e+01,-2.153185244008956545e+01,-2.244838652985660588e+01,-1.930974827625765755e+01,-1.723926855953243731e+01,-2.082383548772308046e+01,-2.631930332628988722e+01,-2.507431344323701339e+01,-2.032518328971871924e+01,-1.641210819768892293e+01,-1.389808500575808914e+01,-1.304305617804397777e+01,-1.379757077040081548e+01,-1.105059965134887712e+01,-9.355905530830357364e+00,-7.976799564065622405e+00,-6.243524577656203611e+00,-6.284080403710566642e+00,-5.962151973332341370e+00,-7.495023300837807767e+00,-8.873444779456104214e+00,-6.323543843168270229e+00,-3.994229120931438892e+00,-7.969894892094615990e+00,-1.119833565687726029e+01,-9.694665046380093187e+00,-9.873003543810256133e+00,-1.036951191841748887e+01,-1.368560059356087066e+01,-1.232389416151723260e+01,-1.321310055268984662e+01,-1.248102581020009794e+01,-1.420494620470860170e+01,-1.696277742422693180e+01,-1.998762430974661797e+01,-1.828062292530283273e+01,-1.825412767166054095e+01,-1.961324962655876192e+01,-1.978809332007920929e+01,-1.997432837922982074e+01,-1.947862698521120350e+01,-1.880192796948941591e+01,-2.110780927736078638e+01,-2.003575164826613531e+01,-1.852156071599035414e+01,-2.043924768879409015e+01,-2.083862834300595068e+01,-2.677440629160503960e+01,-2.330300489490567273e+01,-1.637793570204188853e+01,-1.295671213124551180e+01,-1.231317686281519741e+01,-9.645622757849762863e+00,-1.394008687558836890e+01,-1.270781535432594467e+01,-1.029668936072702401e+01,-1.008929290806665513e+01,-8.818296279431381279e+00,-4.786892503712632418e+00,-1.106792927612795374e+01,-1.208393254261819649e+01,-1.234478892548018436e+01,-1.449775219737816734e+01,-1.404590710579539170e+01,-1.192878880494654226e+01,-1.131457314104500611e+01,-1.090439021804376551e+01,-7.920471646199175986e+00,-9.787387304504150620e+00,-5.966680175473253911e+00,-5.732267406306679192e+00,-8.295676150000113935e+00,-9.963213651589532205e+00,-7.589163623751458587e+00,-9.568946455089752945e+00,-9.622187133853241647e+00,-1.383835706776192787e+01,-1.426461462818085124e+01,-1.334472277214344338e+01,-1.564289596344502975e+01,-1.801545989372256784e+01,-1.785816950022093508e+01,-1.660443406232412045e+01,-1.421424742793986340e+01,-1.611330047033974822e+01,-1.497644334178925440e+01,-1.376345376038574564e+01,-1.825330914865519816e+01,-1.894683125094627840e+01,-1.887220442909441331e+01,-2.044448298460754998e+01,-2.325620042900554552e+01,-2.106820921513499556e+01,-2.098513565259609948e+01,-2.177329238805361555e+01,-2.393883562241468610e+01,-2.484629656886045623e+01,-1.935661570869017112e+01,-1.541477676821802412e+01,-1.439972441858488850e+01,-1.113341232630942912e+01,-8.640448059880688092e+00,-1.117621879737858137e+01,-1.611365031089931676e+01,-1.548351278925528263e+01,-1.499503525707549478e+01,-1.578787632402278440e+01,-1.142544534115834232e+01,-1.171964953931795250e+01,-1.443526837632464499e+01,-1.299440630693894683e+01,-9.981516318309285651e+00,-1.022302984497489220e+01,-1.086027919296078359e+01,-1.090243784037062369e+01,-8.949698481017083651e+00,-7.446447215963437394e+00,-9.581173540723677107e+00,-9.909172465919272810e+00,-1.231485230970732481e+01,-9.564670890358399902e+00,-1.224481858680374025e+01,-1.390581140614978750e+01,-1.350639933759716627e+01,-1.245909463833648800e+01,-1.632316222157976426e+01,-1.544283831518282746e+01,-1.452077297326185068e+01,-9.616574064684590084e+00,-1.104839923553702263e+01,-1.444160199811338074e+01,-1.330402618397172532e+01,-9.027677839617997080e+00,-6.629099155315537395e+00,-1.053900713717148818e+01,-1.252930785903040878e+01,-9.893301440146716530e+00,-1.053766883653401365e+01,-1.452719532461461682e+01,-1.313101185812709559e+01,-9.518127443312476288e+00,-4.998532868256812201e+00,-1.094417980326285011e+01,-7.811958156984060153e+00,-3.862451049182710872e+00,-2.496441764595096924e+00,-1.372696442702768360e+00,-6.102600860365242630e-01,-3.246276479549037863e-01,-9.788889085990394312e-01,-4.644277886575525760e-01,-1.908009189203368483e-01,-3.938677901321268049e+00,-4.697302583470796655e+00,-8.964170577146058250e+00,-1.020833918627321957e+01,-6.314345501166357622e+00,-2.560867238980101046e+00,-6.980368631439379357e+00,-1.471295789235582951e+01,-1.832973118469278972e+01,-8.747248661674241532e+00,-8.176571664546631979e+00,-1.158824010571044916e+01,-1.507315306903080909e+01,-1.268581707680041859e+01,-7.818441558478470554e+00,-7.106155254371135932e+00,-1.222119367178507154e+01,-1.493882349411956412e+01,-1.358994306765601756e+01,-1.087906650830287880e+01,-1.033092763959155214e+01,-1.291875095130855655e+01,-1.464637558168652909e+01,-1.444101384080665973e+01,-1.154509226458729110e+01,-9.204304103884890509e+00,-8.395947064976828855e+00,-6.547592489781677294e+00,-8.698335011232085634e+00,-9.003165509444496450e+00,-7.351507872888233486e+00,-7.946994561303761806e+00,-8.965995552592174178e+00,-9.750322826951984823e+00,-6.901678062940358238e+00,-1.094968732729825156e+01,-1.598762324117039491e+01,-1.953489557841627189e+01,-1.986574784260448467e+01,-2.203923630355394891e+01,-2.280668366972539829e+01,-1.864599465267108869e+01,-1.758181285156221207e+01,-1.754216010093056255e+01,-1.614638212309028376e+01,-1.472222656448876776e+01,-2.259524702738867674e+01,-2.543739337174361381e+01,-2.758904475840730441e+01,-2.651128565609866072e+01,-2.607438461559049614e+01,-2.912203608068087846e+01,-3.066494616398676243e+01,-2.933134334710297253e+01,-2.818682730584395912e+01,-2.499263228250505264e+01,-2.613321997002972807e+01,-2.594552859446666560e+01,-2.232157749235518907e+01,-2.435054381591580253e+01,-2.713882580403322109e+01,-2.676406732830411883e+01,-2.391292871531486952e+01,-2.390910725286416749e+01,-2.419235977840513740e+01,-2.477305403399100214e+01,-2.278264999574372851e+01,-2.158579559748399035e+01,-2.202886453788950050e+01,-2.107480460129901090e+01,-1.876463248579335286e+01,-1.834571913011220801e+01,-1.744756257331576776e+01,-1.415386121581555301e+01,-1.240649135284872173e+01,-1.430488757456345716e+01,-1.421257410206899330e+01,-1.410091614066841181e+01,-9.589990299917934280e+00,-6.109088400898766480e+00,-4.565710168380816114e+00,-1.316860958892513311e+00,-3.050993896808908090e+00,-3.332765029145988933e+00,-3.949725135277607269e+00,-3.727762472806924965e+00,-5.882600620789134815e+00,-6.310859707546740971e+00,-2.340440226077055375e+00,-4.665535063078143807e+00,-9.074623344311595119e+00,-1.158409298804306964e+01,-1.025607374403143446e+01,-9.629875714785081087e+00,-1.251464718839811852e+01,-1.013491114257809400e+01,-6.936392711902350072e+00,-6.003632586816163297e+00,-2.262468041209534597e+00,-5.741016411452118717e+00,-4.325474742154554519e+00,1.297440622545487976e+00,-5.725187718088225353e+00,-8.628017144671444427e+00,-1.076917229071698756e+01,-1.643441884395575059e+01,-1.285023507766365292e+01,-5.498509480622582934e+00,-5.033226408539499097e+00,-4.768921319432629424e+00,-6.259827977150855816e+00,-1.100184224017078627e+01,-1.091983659496272629e+01,-1.056542327339948173e+01,-1.292914268408108569e+01,-1.123724038384196611e+01,-1.087763442371163691e+01,-1.073468873740012164e+01,-1.586855777095317777e+01,-1.383737226806541187e+01,-1.082050014803572502e+01,-1.282877629581078338e+01,-1.420209770093923218e+01,-1.333839687723374290e+01,-1.338543481048250960e+01,-1.442651111526059893e+01,-1.723965878446515276e+01,-1.349773792385495597e+01,-1.075075760344596354e+01,-1.155131828544295125e+01,-1.176204256876844845e+01,-1.332108665179091567e+01,-1.042685383183853354e+01,-8.868428361378297708e+00,-8.593054506039111473e+00,-1.110151268920853518e+01,-1.402700691912485986e+01,-1.110124186909409438e+01,-1.144533213659336290e+01,-1.108513883423969482e+01,-9.921141841012897089e+00,-7.138461507315302157e+00,-6.418617960256419508e+00,-6.719470671155914232e+00,-7.500718093530904795e+00,-7.229131617680929267e+00,-6.155211570218618533e+00,-8.768520568146843885e+00,-9.369973063882257591e+00,-6.771215292952855513e+00,-8.432516064113496412e+00,-1.010222430762677348e+01,-7.051506225773076508e+00,-8.644408568862182562e+00,-1.169742682413369472e+01,-1.515899881307029062e+01,-1.878849249169737234e+01,-1.596184409330956910e+01,-1.238131790330733040e+01,-1.427856718142543713e+01,-9.558923475645997314e+00,-1.040098610525423339e+01,-1.466176550764360975e+01,-1.638080527031954148e+01,-1.768038266376273171e+01,-1.814832917612993057e+01,-1.919476763602038716e+01,-1.780044146752127077e+01,-2.154649242976358536e+01,-2.116622408290033519e+01,-1.996166572173063258e+01,-1.959138668128964511e+01,-1.530920059786606480e+01,-1.351318797728333720e+01,-2.031350795901656880e+01,-2.243481225602057449e+01,-2.116176661351772381e+01,-1.982451885440904249e+01,-2.028427558482221826e+01,-2.157792243550782274e+01,-2.256330232299424310e+01,-1.983301360884581754e+01,-1.932398022191375730e+01,-2.146178496967592153e+01,-2.316223229878405121e+01,-1.636859593178124683e+01,-8.043729037259426562e+00,-9.030171990343269783e+00,-8.515263573850965884e+00,-7.998470766127196541e+00,-1.108102228077332541e+01,-1.700517412637826808e+01,-1.419070560677465664e+01,-1.121986513548189635e+01,-7.520674238271345402e+00,-9.500953931943080022e+00,-1.723077214753514497e+01,-2.197740176021436653e+01,-2.226199859597264918e+01,-2.115965533801347931e+01,-2.091391944824783522e+01,-2.343405450162310544e+01,-2.227450906353284310e+01,-2.369495432455357786e+01,-2.375465167483604034e+01,-2.517398287491581854e+01,-2.199491789836753952e+01,-2.137943725945712359e+01,-2.568274832333321100e+01,-2.577534878134841634e+01,-2.416552075184192105e+01,-1.691666988615999756e+01,-1.199336165328758774e+01,-1.455881095013228332e+01,-1.481771263597921973e+01,-1.101134845309407240e+01,-1.070747507130797516e+01,-1.025819689218686648e+01,-9.695318954113789189e+00,-1.263415964797199820e+01,-1.728858922009790433e+01,-1.779807775136858794e+01,-1.381337108022655080e+01,-1.072706035390157808e+01,-1.663834815586795912e+01,-1.383674120389589568e+01,-1.288575310386431205e+01,-1.098799507300010880e+01,-1.077997984231426187e+01,-1.304973859139863634e+01,-1.203669684075286028e+01,-1.043645206084131694e+01,-8.932096806938655931e+00,-9.421795850709383302e+00,-7.757186515149530948e+00,-9.183117059346022515e+00,-1.215841011125203863e+01,-1.525303466788521511e+01,-1.562689684086428166e+01,-1.347982164005222572e+01,-1.402866567006952181e+01,-1.553440745151488755e+01,-1.583684949602955960e+01,-1.558911509277099050e+01,-1.580219437468502086e+01,-1.225254866094177153e+01,-6.109870063092992076e+00,-6.483384250079614608e-01,6.327713498816141258e-02,-2.761757590110882621e+00,4.421881000709563914e+00,1.042627775388119638e+01,6.978356337078833072e+00,4.302000956725616554e+00,7.231378603590698617e+00,-6.057974293353158846e-01,4.150485080255840842e+00,1.122523588897895586e+01,6.838054978155377661e+00,1.068403842662154446e+01,1.584875059053948831e+01,1.502241149284102484e+01,7.346079900527406004e+00,4.948127078184332284e+00,2.750215198410242312e+00,3.253490507006569832e+00,6.911033186403453321e+00,1.088635274696729205e+01,7.167151413345959732e+00,-1.539966600554064202e+00,1.730580966203689064e+00,1.210935838446830282e+01,1.056352706758568338e+01,1.723815968417964362e+00,-4.283431992239309594e+00,-8.549079860638403972e+00,-8.065759534058269509e+00,-7.740812456254093199e+00,-1.083124415564285314e+01,-8.037790227865698967e+00,-3.071233818808911220e+00,-5.695050402871670414e+00,-1.436816048878235286e+01,-1.144806437439361524e+01,-1.132997513434755987e+01,-1.217649508262640801e+01,-9.863891290569570813e+00,-5.162645107620297935e+00,-4.310028082826178775e+00,-5.721510967955383720e+00,-4.915474298965484046e+00,-3.293839884940668483e+00,-1.999034775067454639e+00,-1.449475553087498980e+00,-3.816141856715204117e+00,-1.306142497143931269e+00,-3.438797387923747007e+00,-4.661515193451859496e+00,-7.275545639976007672e-01,-3.866895925141992763e+00,-6.057796405589987998e+00,-4.283395527803445013e+00,-3.713096946180856506e+00,-5.780616793709737244e+00,-5.202653527886329066e+00,-3.935643935851196762e+00,-3.324555091107963989e+00,-3.491323558162015228e+00,-7.009606559224197397e+00,-8.938137567723366317e+00,-7.810348383469990274e+00,-6.105963420406331110e+00,-8.991262462482076501e+00,-8.832331957539404144e+00,-7.055845652101425003e+00,-4.670494285370094367e+00,-2.450069944012030820e+00,-4.775650353695764849e+00,-1.927002569486205630e+00,-4.266954364600922034e+00,-9.173730672374498241e+00,-1.177735771893533823e+01,-9.443057492037334910e+00,-7.809327650998291404e+00,-8.615440824482897497e+00,-7.530887606675010559e+00,-5.748258093022471371e+00,-4.605771129195482594e+00,-3.183798692079004233e+00,-5.244868916119624913e+00,-1.261549618035047970e+01,-1.987403363236320075e+01,-2.054900976385436806e+01,-1.855121803039720163e+01,-1.854486884308832018e+01,-1.669555581535009026e+01,-1.358061983400339479e+01,-9.262081174731823907e+00
2.707061618173257500e+01,3.084604936171815837e+01,2.741511043816757365e+01,2.439041043902548367e+01,2.468078338286880324e+01,1.973520115391168517e+01,1.632165951347213095e+01,1.782499447885697208e+01,1.979487917049579337e+01,1.066115459417062894e+01,5.571393448617443234e+00,2.081137412719043400e+00,4.809647906038276577e-02,-1.572496149609569960e+00,-8.071634200674584037e+00,-9.471175565635086002e+00,-4.776301600919118151e+00,-2.026445704127601388e+00,-7.851161662130221153e+00,-1.072975813098412523e+01,-7.123874644469098349e+00,-3.770111355954386845e+00,-1.001297658052494555e+01,-1.547372648316775745e+01,-1.721555190350147058e+01,-1.923522831373892217e+01,-2.205984536649733840e+01,-2.125433109637409856e+01,-2.584872086955983761e+01,-2.548264575000317578e+01,-2.546680185869524493e+01,-2.159801636064107200e+01,-2.159881789953870523e+01,-1.875956153017703087e+01,-1.642104998750615152e+01,-1.725526134931508437e+01,-1.816971110756238517e+01,-1.820427192043743503e+01,-1.784532102033759315e+01,-2.532671625957855888e+00,2.269833053540653456e+00,9.790847383918191982e-01,-1.408828698467628482e-01,-1.648054488341397450e+00,-1.303829893654828176e+01,-1.470114090237697901e+01,-1.179432781442979028e+01,-8.540393011873042894e+00,-6.041479249283853825e+00,-5.705866971742051597e+00,-1.117369656616683038e+01,-1.332220759048149539e+01,-1.682936114060953514e+01,-2.302743446384490866e+01,-2.293296136890939962e+01,-2.027393957897544752e+01,-1.939879926665444287e+01,-1.519972988267632807e+01,-1.086098609727193498e+01,-1.453466612771343769e+01,-1.333950973815109187e+01,-1.459893995215744944e+01,-1.794434696148712050e+01,-1.335394942203733670e+01,-8.692121994567234111e+00,-1.272838516591391489e+01,-1.700056582768128877e+01,-1.651329437563302349e+01,-1.156754154069971996e+01,-6.282149550769383417e+00,-4.211116168108289592e+00,-4.677920518586096144e+00,-4.283253183145304455e+00,-3.791600177534391602e-01,1.008469044910097034e+00,-2.594195055164847941e-01,9.455977150926858643e-01,2.791183739365072358e-01,-6.858817067718508964e-01,-2.384434890262981277e+00,-4.562164765073430495e+00,-4.870662102567020035e+00,-4.610742605980996167e+00,-7.625772912746456633e+00,-5.281960676611592298e+00,-3.469927812153042801e+00,5.130102651950646520e-01,3.438104618433995174e+00,-3.164530768175917441e-02,3.199360354861987776e+00,5.024778692674102487e+00,3.601324409373092728e+00,4.261062748031235081e+00,-5.260862044356143796e-01,-3.809518630664899597e+00,-4.361503358014101828e+00,-2.369913468695552972e+00,-2.702280706745064376e-01,-7.072918255618495520e-01,-5.851157884361829487e-01,-2.828229698378037504e+00,-6.210782393623923703e+00,-7.874604182718207390e+00,-5.871568975436253446e+00,-1.123209761904364390e+00,9.505625063754213899e-01,6.710411309676309166e+00,7.318740883824352395e+00,2.066584963594715774e+00,-7.646172897592479201e-01,-5.363433649626126787e+00,-1.434626385760556566e+01,-1.314883314123758318e+01,-2.822277970648324974e+00,2.968623107958856533e+00,4.716656174003312607e+00,2.488964137545990774e+00,4.062735247705160369e+00,5.668643860409815716e+00,2.911023611496626806e+00,2.572521425715554422e+00,3.551529585112223941e+00,-3.305053277899877351e+00,-9.446842648631628592e+00,-1.196233631741273307e+01,-1.404572522188682804e+01,-1.253150311509859272e+01,-7.916131996471407639e+00,-1.483566621873222968e-01,2.592469585404570398e-01,-2.850752140600680384e+00,-2.376304089854819890e-01,3.684988501111742476e+00,-2.615565917506082805e+00,-6.813050521875243071e+00,-1.180518139955204582e+01,-1.124514251186978875e+01,-7.527528719603357565e+00,-7.754358275458893779e+00,-6.485097518446315767e+00,-1.029470149394711243e+01,-6.525331820880812650e+00,-7.078515772003236783e+00,-7.935698912830697616e+00,-8.470405831890506221e+00,-1.067199726059465981e+01,-6.900830220142638360e+00,-2.875899183206684917e+00,-1.928591560198482879e+00,2.326287163565192162e-01,-1.844169363171824227e-01,-6.434313303792035255e-01,1.349265325019749939e+00,-1.775666999788898748e+00,-2.876472470280103444e+00,-1.901493452735991907e+00,2.680159335581346003e+00,-8.340870931131123822e-02,7.000451462787636858e-01,-1.937880139526387380e+00,-5.195978262113952972e+00,-2.075183369032268743e+00,3.014140615290061387e+00,7.945107237804188038e+00,6.098803848188496524e+00,5.178483164542931227e+00,6.027810029775962697e+00,8.519284500994119824e+00,8.287283959938230637e+00,9.085743584010224083e+00,5.262841968441387408e+00,1.927398889848228380e+00,-1.183582627128181519e+00,-5.016975174186772968e+00,-1.295681788329010509e+01,-9.815813748545700435e+00,-3.474360237356369119e+00,-4.656681204070385327e+00,-1.448970253765927474e+01,-2.167159223459479733e+01,-2.455448171970024518e+01,-2.399405186740768059e+01,-2.038550524528841734e+01,-1.771219049261593170e+01,-2.046730946459636513e+01,-2.165895178443791380e+01,-2.217029852846942006e+01,-2.352248955703754874e+01,-2.290383270184142717e+01,-1.963914785365764004e+01,-1.579521948711181345e+01,-1.029921441502599677e+01,-9.307319956801350713e+00,-1.077305148602410689e+01,-1.040593669692277068e+01,-9.662104841286984325e+00,-7.873798173328174776e+00,-6.680774922784416425e+00,-7.962729455971429893e+00,-1.054106889473274755e+01,-1.871499246593542054e+01,-1.560141748959178010e+01,-1.175833496436090009e+01,-1.043875871063715444e+01,-1.200010877063644976e+01,-4.658241855325251812e+00,-3.493344618805472201e+00,-5.266836162021287571e+00,-4.220930156798027078e+00,-1.649993195652445399e+00,-3.405099311132910422e+00,-5.867365745288322110e+00,-4.378362218177056953e+00,-7.059441619997550710e+00,-5.718165323732004701e+00,-7.085779664552810608e+00,-8.914631922192628011e+00,-9.268276204049360700e+00,-8.671224818399805301e+00,-3.640629860606755308e+00,-2.995106315135358521e+00,-3.520100481455327390e+00,-6.798374845238462250e+00,-9.790873507790083252e+00,-6.952334851189578835e+00,-6.341835227948403819e+00,-3.918177864311803482e+00,-8.096597123763852322e-01,-1.856806123803393715e+00,-1.938055391572822250e+00,-6.299490068863950576e+00,-8.350674758515534535e+00,-8.392737501121219523e+00,-4.608965530497161289e+00,-7.897205930940502050e+00,-7.294993522604458214e+00,-3.204799083506059354e+00,-4.294276831498115676e+00,-4.066034076701087407e+00,-3.723160587740001581e+00,-4.229791958124049067e+00,1.184161249043995001e+00,1.675056033313689463e+00,3.590002293688272061e+00,2.485019925892199222e+00,4.823006983406084913e+00,2.287667880778373686e+00,7.227200085168120403e+00,1.113549318539656241e+01,1.021020882224621040e+01,7.548204602557143872e+00,1.739703098793950575e+00,4.930606998034442690e+00,8.280953300247485771e+00,1.083415368282806135e+01,1.051157445531184642e+01,2.075951219659217362e+00,-5.567976963936204449e+00,-6.034581105993741978e+00,-5.502016149527460875e+00,-4.256449577446102417e+00,-6.539721549379533094e+00,-1.238856534624485839e+01,-1.238050231467276951e+01,-5.618852897585690620e+00,-5.011740282904823651e+00,-8.141661692303337361e+00,-5.255675725271099274e+00,-1.821220878114002018e+00,-2.423460819793363363e+00,-3.754684399355705970e+00,-5.472662331962811599e+00,-1.024305831151609070e+01,-1.136899340789659441e+01,-9.865341599098652381e+00,-7.545940223585909656e+00,-8.151224596526112975e+00,-1.892454281915507863e+01,-1.770193217971972643e+01,-9.939576287878745475e+00,-9.406632577675733131e+00,-1.284345571528405650e+01,-1.398057712107550721e+01,-1.420438046749652905e+01,-1.365119589301997216e+01,-8.219385906722031621e+00,-1.192449370567871547e+01,-1.394873841483404497e+01,-1.248628695729966331e+01,-1.548821923464843131e+01,-1.893068775955489969e+01,-1.777815891422561734e+01,-1.359579492924538435e+01,-7.635410730520889366e+00,-8.432121176957938502e+00,-7.502130252930222731e+00,-8.921468951706298611e+00,-7.572683334102147334e+00,-4.582325577813409545e+00,-5.605125372755488833e+00,-6.107272857700849933e+00,-8.275106891000380216e+00,-1.532481880452020029e+01,-1.394466702000483416e+01,-9.688885229079961192e+00,-1.225229510590315307e+01,-1.199069504144278930e+01,-1.006328501707930911e+01,-1.118947722357331287e+01,-1.472559662780698808e+01,-1.132239237777991470e+01,-4.959144267978715881e+00,-8.812896068664576532e+00,-1.488308931615338615e+01,-1.093540472263878449e+01,-5.348488817070248480e+00,-6.650387176492103869e+00,-1.018074999584057494e+01,-6.363179565415816974e+00,-4.180069932722251913e+00,-5.467856377193164086e+00,-6.437163781002156249e+00,-7.079942056945415452e+00,-5.702924466791633229e+00,-7.377460703498941008e+00,-5.613326233821971378e+00,-1.182076534252216815e+00,-1.331525648223167435e+00,-4.657952365628488245e+00,-2.154897956608202492e+00,-1.086346737192964040e+00,-2.651183599038851035e+00,-3.772649184160338898e+00,-3.767737083016098332e+00,-2.257729283952046195e+00,-3.484338502737329257e+00,1.513573947763935168e+00,7.803150471918502085e+00,8.630433362232091454e+00,6.183530682415242730e+00,6.163709965274707159e+00,6.053205603278252411e+00,8.163354587017712660e+00,1.351328451751616733e+01,1.299586762943934737e+01,6.503474433310739933e+00,5.044868217005149980e+00,1.290163732721981704e+00,9.709614602932302718e-01,4.628438745437065904e+00,4.553531052234510490e+00,-1.126833333090714184e+01,-1.586105789077028483e+01,-8.638146638301391178e+00,-2.460685381917667947e+00,-8.353464920230029733e+00,-1.675567553063891069e+01,-2.178743397618294608e+01,-2.605976162438880195e+01,-2.185225990571430188e+01,-1.973032562112707211e+01,-2.169969049419666973e+01,-2.446326530759171902e+01,-2.418853457643340477e+01,-2.137956165495549854e+01,-1.948553064666302603e+01,-2.271787018591451357e+01,-1.691350833696024480e+01,-1.165946620257305533e+01,-1.135902702261946828e+01,-1.209978950133475095e+01,-1.714861686966737153e+01,-1.727307695022653888e+01,-9.858587280805155117e+00,-1.268305339265974219e+01,-1.254754014292423037e+01,-1.150267306819191404e+01,-1.004884304790737559e+01,-1.091783446356438070e+01,-1.373440616771724443e+01,-1.899580825350460245e+01,-2.443185085570870285e+01,-3.247786159483041502e+01,-3.201314203261832603e+01,-2.237736360672877822e+01,-1.684863029147100022e+01,-1.945479310445793075e+01,-2.493965186705607451e+01,-2.136742993295933957e+01,-1.606259405347197955e+01,-1.133831402721055071e+01,-1.377074030402104654e+01,-1.421662988377564929e+01,-1.188199734925086304e+01,-1.113322601941162660e+01,-9.684959387412595433e+00,-8.488574755978767428e+00,-6.873361421961371676e+00,-5.983756513114517617e+00,-4.314683882820740557e+00,-5.872432298672035422e+00,-8.791268072793624100e+00,-6.755857618909961282e+00,-7.639108216957800401e+00,-8.588808618533992245e+00,-1.062673871545261939e+01,-1.553924339597472226e+01,-1.498760204861775414e+01,-1.447832630610132831e+01,-1.138071806515632112e+01,-1.119364464857395625e+01,-1.058766011532008910e+01,-1.571347590738544930e+01,-1.627756157426124162e+01,-1.777843330397845634e+01,-1.469219958027794526e+01,-1.056902150191285550e+01,-1.130248234265136453e+01,-8.525263923562439672e+00,-6.865814430849286332e+00,-6.370783763727216886e+00,-4.363344855051228599e+00,-6.603701635704523731e+00,-5.772491198686640068e+00,-6.313688590913561605e+00,-1.011461484034717451e+01,-9.903128095752130378e+00,-1.097903023377987530e+01,-8.234376979748581959e+00,-9.079194465840615180e+00,-9.033969445849805879e+00,-6.411011777102795683e+00,-9.061812811227937914e+00,-9.908401897870051656e+00,-1.048339249023714714e+01,-8.047345452212903538e+00,-3.452969110757921012e+00,8.054715956597494619e-01,-7.580541326141606584e-01,-4.999268734032083827e+00,-7.292155247711989752e+00,-1.175832255151689942e+01,-1.531167991548407059e+01,-1.723749745803922551e+01,-1.294093957768662939e+01,-9.825558053590638607e+00,-1.084577088070917661e+01,-4.353967209288359008e+00,-7.736471187288443296e+00,-1.031759721949383035e+01,-1.588757452487627297e+01,-1.713057674228798533e+01,-9.844673522953184985e+00,-5.131905916706509529e+00,-2.675989645282024654e+00,-8.048715577317885561e+00,-1.380689683507350907e+01,-9.918233753081462822e+00,-5.913221382007772142e+00,-4.992315599583878161e+00,-4.430483082533103634e+00,-7.223382897123626023e+00,-1.655978456908962215e+01,-2.506577388378337190e+01,-2.512356762718568248e+01,-1.911770155003312865e+01,-1.764159182659200908e+01,-1.595904941222730500e+01,-1.737796358913317363e+01,-1.613837525093792991e+01,-1.771038609607686354e+01,-2.010515027826905765e+01,-1.995540070572547364e+01,-1.744547039778750275e+01,-1.999386159207378810e+01,-2.104102620767098486e+01,-2.355115868265514933e+01,-2.254322535713533426e+01,-1.825746820913853696e+01,-1.970626548356390728e+01,-1.961563613346946156e+01,-2.179029464341711630e+01,-2.509478256210186586e+01,-2.502245110361559099e+01,-1.716640981567353208e+01,-1.269371868879041720e+01,-1.224557502421728650e+01,-1.203466172015357039e+01,-1.161317387086376662e+01,-1.024164857365552628e+01,-1.588632770301653707e+01,-1.674393461916280046e+01,-1.388911950946927298e+01,-1.463249250737116647e+01,-1.252434990512791124e+01,-9.367874020716740802e+00,-1.111189539340710652e+01,-1.060667073779543124e+01,-7.295558799101162784e+00,-9.227014352827362487e+00,-1.437038968211682999e+01,-1.230385540569667491e+01,-8.452991732670390945e+00,-6.726704962282106237e+00,-8.470433653849138267e+00,-1.172032321721088799e+01,-1.240195681111391757e+01,-7.061842405829168889e+00,-7.234731169186505717e+00,-1.006812530815196460e+01,-8.785064160223637231e+00,-8.663586389284692046e+00,-6.590699976160387941e+00,-2.829301113178856575e+00,1.449369240922494528e+00,5.765544766173019475e+00,7.390682796356081496e+00,8.128524006161798710e+00,4.176555066744062295e+00,-2.969375257538630741e+00,-3.940741115562876651e+00,-4.248861317697897100e+00,-5.469364980187892300e+00,-3.954759879225020036e+00,-2.754235600628128999e+00,1.322607519978740820e+00,1.602520990668441891e+00,-1.827380368942130628e+00,1.345310495536007567e+00,3.645767784146325408e+00,1.005406851317604477e+01,1.013529684011485976e+01,1.373836230806315584e+01,1.174650626797277120e+01,1.792221763871174645e+01,1.640648609499128341e+01,6.621736681880056707e+00,7.358736188174254345e+00,1.330388117247215973e+01,1.775537314609462314e+01,1.503254114571179834e+01,1.158740638347976670e+01,5.141699811286267519e+00,3.585800822539455979e+00,2.126437478739152009e+00,2.989793429921016599e-01,-3.465558207237706689e+00,-7.174886855922170348e+00,-6.871732930505189962e+00,-9.345880044535146425e+00,-8.493949563566767225e+00,-9.395215315851423554e+00,-7.613336062811236538e+00,-6.168677949830105867e+00,-6.257327747133142104e+00,-5.267893509194975898e+00,-4.713255759867013062e+00,-1.970292014778020073e+00,-5.169779217030037621e+00,-5.864577310457291581e+00,-5.105876112070839135e+00,-6.175743198390260424e+00,-3.329599353579800969e+00,-6.888076194649303652e+00,-1.165291831225937891e+01,-1.264239435228949127e+01,-1.452345441159159556e+01,-1.226423551016591951e+01,-1.253396249412956998e+01,-1.572531826653649567e+01,-1.598502211384661997e+01,-1.367844751914890544e+01,-1.355781985837477066e+01,-1.329102148429291574e+01,-1.721293345909516859e+01,-1.760315713349360678e+01,-1.682283106886722379e+01,-2.014036895653787695e+01,-2.484878152269988405e+01,-2.701963837336405305e+01,-2.453249262039330603e+01,-1.714865699342414374e+01,-1.928161822119920998e+01,-1.556527333040361682e+01,-1.513454094981920761e+01,-1.871731482616448261e+01,-1.981265393616986259e+01,-1.856479706310110345e+01,-1.334058520430181716e+01,-9.830093357747021088e+00,-8.596548612615157126e+00,-4.222436666489524093e+00,8.825430466310833777e-02,2.819084590674270974e+00,4.078224509860646663e+00,-2.410294298717635897e+00,-1.449716728753061368e+01,-1.934413970774226854e+01,-1.365700103896530671e+01,-1.093875110706406772e+01,-3.946725927748268026e-01,4.207027400372970405e+00,1.221997778829155656e+01,5.171389012596148582e+00,6.563859476146043370e+00,7.632313512192848926e+00,6.256792504399101951e+00,3.370643874528074679e+00,6.017824669884171307e+00,1.208163138353334887e+01,1.178184696286296784e+01,1.020953864633434449e+01,1.353103000968054026e+01,1.434399079625023354e+01,8.826217635705123854e+00,6.971309058769244338e+00,1.149062307015991280e+01,1.341697582916950537e+01,1.493706358338958573e+01,1.715164747423850855e+01,1.263189100340952464e+01,6.968413913342160093e+00,3.618665813953191979e+00,1.207701504075405774e+00,-4.658928832120040830e+00,-2.523693386321185450e+00,1.210952582953066292e+00,5.867612037955093340e-01,4.385856170760589756e-01,-3.330307142495072092e+00,-4.665756367546609162e+00,-4.676032576890688297e+00,-8.261505402950898969e+00,-8.861173326608232870e+00,-7.934202316744710437e+00,-9.550987178821792156e+00,-6.978627615447400956e+00,9.892294861520258831e-01,1.440891732201811104e+00,6.778355341530385436e-01,-3.080051826859648081e-02,-4.061556565720855438e+00,-1.920161548306171362e+00,-2.117026767378931140e+00,-3.932656158644015409e+00,-2.118289749832129587e+00,-1.264500201616455488e+00,-4.066371201147899406e+00,-3.114036051322526699e+00,1.780391135565954963e+00,5.893552571150431074e-01,-3.483968042307883817e+00,-2.729918102524499623e+00,-7.027345247577254650e-02,-1.628954211518327311e+00,-1.344413142654392823e+00,4.116117225693524673e-01,-1.175352646859505024e+00,-2.388003985447994193e+00,-2.671498157487544045e-01,-2.722745516429947887e+00,-5.015420070242313066e+00,-6.514930471074809937e+00,-4.569894321445093333e+00,6.598174391102662462e-01,5.972856914695132247e+00,5.686928272719658395e+00,7.153689182144839620e+00,9.969949307778877667e+00,8.983725537645115722e+00,7.546037952624180534e+00,1.288421638946672232e+01,1.254446648437663647e+01,9.512097321338352174e+00,1.040580727447195564e+01,5.234324891411798575e+00,2.372329522059127171e+00,-1.667832837799682277e+00,-6.657773097949797325e-01,3.782612582009491131e+00,8.641828369061911985e+00,8.031973234818602592e+00,1.001950615836754466e+01
-1.379696335709799726e+01,-1.490883968635139034e+01,-7.646783465824703363e+00,-1.361121993050775636e+00,-4.586052431075930080e+00,-6.912311887962901302e+00,-3.468352915359042665e+00,-1.084945293548998713e+00,-7.905037986186047583e+00,-1.757303424641395040e+01,-2.187248645787508394e+01,-2.551316761786952014e+01,-3.131553020397906906e+01,-3.691349128782030675e+01,-4.079418177576036442e+01,-4.200934313657634078e+01,-4.391844446174525984e+01,-4.437318979339060832e+01,-4.089088489672092663e+01,-3.035836029453641771e+01,-1.995974625647411926e+01,-1.667288421017634192e+01,-1.864343846812132455e+01,-2.616718437585479151e+01,-2.670786419602981354e+01,-2.208294639646248214e+01,-2.055340657746096866e+01,-2.463799627007987070e+01,-2.413868092459725290e+01,-2.016188699566814435e+01,-1.844583765689116461e+01,-1.736816785489035198e+01,-1.721517031187863722e+01,-1.777018924975313041e+01,-1.344122851839076915e+01,-1.146806395401574186e+01,-1.033109738773987551e+01,-8.576466799537181274e+00,-5.056045059694496580e+00,-6.950955295716753746e+00,-8.602299614823193608e+00,-9.175974505114679047e+00,-6.757555889357206524e+00,-5.014504338337286704e+00,-1.633908563487504395e+01,-2.686548884006104387e+01,-2.959278914558906948e+01,-2.492741248756602701e+01,-2.480249913047707366e+01,-2.846129050866618471e+01,-2.956949591323078508e+01,-3.086633027867683410e+01,-3.580198220269330989e+01,-3.672991671710783379e+01,-3.503905690867394895e+01,-3.364950304119173552e+01,-3.041522857853728823e+01,-2.992846718612758750e+01,-2.273125529100671471e+01,-1.783375645277585519e+01,-1.488346293264907239e+01,-1.989158138040792423e+01,-2.454162622767602642e+01,-1.554769958450197898e+01,-9.238879645366605331e+00,-1.378228612068500247e+01,-2.097688377085674816e+01,-2.146472861995736636e+01,-1.740908403347112809e+01,-1.310015161858853894e+01,-1.238083396792562851e+01,-1.293334639802416852e+01,-1.319427826331216380e+01,-1.000272069684679188e+01,-1.041051681146904251e+01,-1.190522324835889911e+01,-1.044481086878478671e+01,-1.447177414912308535e+01,-1.258778543755722801e+01,-9.274929021580843980e+00,-8.572718214740120857e+00,-9.369144101681721182e+00,-8.114088242183070676e+00,-8.143453990011847665e+00,-8.367514925729729214e+00,-9.965525444218146234e+00,-9.964680575615423308e+00,-8.680131956042918873e+00,-5.570961269104943270e+00,-3.232143906392522137e+00,-2.727194584909220954e+00,-7.128625776427668370e-01,4.493654234331850184e+00,6.681838496268780681e+00,4.962125259002351463e+00,2.526789280130704363e+00,2.296548716881066987e+00,2.159103708802437183e+00,1.749931251801991827e+00,-1.277585242675834287e+00,-8.889733773149419704e-01,2.144393662679532422e-02,1.235917673800358330e+00,1.132853380806205124e+00,-3.774566244713579710e+00,-4.647137127958856695e+00,-1.273659748390383761e+00,-5.881770706379502833e+00,-8.323033287039343975e+00,-1.205377873663127453e+01,-1.104540349441906244e+01,-7.198356784232144534e+00,-1.851264101814375174e+00,4.973655162664885943e+00,4.025852971124243673e+00,1.093911559062908267e+00,3.582307350369224430e+00,6.839718280155747898e+00,5.629026725245362961e+00,3.287474962683600843e+00,3.698796098716175429e+00,1.592385731784922598e+00,-7.021525053923475035e+00,-1.246573952486471626e+01,-1.469377434476143840e+01,-1.727236575074464398e+01,-1.736231822364436894e+01,-1.726668269251048216e+01,-1.960437089350467232e+01,-1.588294252949025598e+01,-1.227123241325658931e+01,-1.160688439086995238e+01,-1.121003742743790710e+01,-1.404139157054033049e+01,-1.833609844945499034e+01,-2.865697919477198496e+01,-3.094556657311381542e+01,-2.880498551858882195e+01,-2.158128887868237555e+01,-1.533280847735196417e+01,-1.802644507586285272e+01,-2.435360741215772862e+01,-2.930339968220540214e+01,-3.244135736695581329e+01,-3.420072572292973945e+01,-2.549978125200305357e+01,-2.098912540453991227e+01,-1.869575123773831749e+01,-2.081152227773344165e+01,-2.442453250899124484e+01,-2.537803230490262507e+01,-2.446688523707296170e+01,-1.888917484222774945e+01,-1.777677827244685105e+01,-1.459625221988794408e+01,-1.418751924642570827e+01,-2.125788881872710689e+01,-2.664640802435838296e+01,-2.443380187620692823e+01,-2.138536578357668461e+01,-2.113453370028260281e+01,-1.820717671971182483e+01,-1.611249846981010592e+01,-1.467952125442952749e+01,-1.236528394402037634e+01,-1.207950169752485259e+01,-1.656072579968628489e+01,-1.281945071242526701e+01,-1.209674443750656181e+01,-1.658173564295814373e+01,-8.701005071168854244e+00,-9.160956804793981334e+00,-1.321096909563810584e+01,-2.127809451810033892e+01,-2.086902529379126037e+01,-1.755674642550370024e+01,-1.544392041884369426e+01,-1.743273021074413620e+01,-2.032582448266777675e+01,-2.591747039760622329e+01,-2.980951717331159401e+01,-3.165692934181424079e+01,-3.369118551903652303e+01,-3.351387099903806188e+01,-2.579250770499150391e+01,-2.370249532685951976e+01,-2.883934754290010360e+01,-2.954920340164559533e+01,-2.481234121354398781e+01,-2.015701633361501877e+01,-1.558375216833725929e+01,-1.171246576362414515e+01,-1.321717810169935525e+01,-1.880191249513324792e+01,-1.979903350274356200e+01,-1.817648243830724297e+01,-1.455212135988132260e+01,-1.525817709206017092e+01,-1.805229210255258820e+01,-2.115383728926412843e+01,-2.318374689501010621e+01,-2.241413461003486063e+01,-2.137971328006749872e+01,-2.087376852161510143e+01,-1.427623794018119874e+01,-1.661677442545168404e+01,-2.161768904895226129e+01,-1.993367090990414781e+01,-1.630168343851808999e+01,-1.690319471457492995e+01,-1.709399581805632096e+01,-1.355914874795455738e+01,-1.526637487624931033e+01,-2.016448664118092537e+01,-2.233152951213720883e+01,-2.256363365551076328e+01,-2.188054319613607746e+01,-1.923518268226940364e+01,-1.751683573464511312e+01,-1.746148876448032894e+01,-2.240335107853215746e+01,-2.299763683787769253e+01,-2.514651195003478534e+01,-3.062489126913800774e+01,-3.268611425407508619e+01,-3.502841933007059083e+01,-3.223301623595862964e+01,-2.757234837455093057e+01,-2.885872329074951637e+01,-2.981653029564481017e+01,-3.044407180065356400e+01,-2.881308210792573377e+01,-2.859278289800339223e+01,-2.442993802204407672e+01,-2.295592351910326911e+01,-2.578383902132053151e+01,-2.606139358169257036e+01,-2.467879826846882096e+01,-2.551436732582032718e+01,-2.853878198447045378e+01,-2.547350249101598507e+01,-2.536609102798338711e+01,-2.612685413434104831e+01,-2.252021033469456057e+01,-1.734682051933398839e+01,-1.037507050610443038e+01,-6.797154955968477630e+00,-2.613769632417323407e+00,-3.305993230756472556e+00,-8.391753905934571378e+00,-1.042098274990654616e+01,-4.021047083482453210e+00,-1.015758074408442369e+01,-1.684060144217920651e+01,-1.352947010085861024e+01,-1.363938517675737749e+01,-1.572717234100301553e+01,-1.942528752360446376e+01,-2.508845242735435832e+01,-2.434270259249299073e+01,-2.391583004851270999e+01,-2.034210628975736412e+01,-1.591422697451379875e+01,-1.953567443177332308e+01,-2.481684404673942979e+01,-1.837088677853827789e+01,-1.217844102694291308e+01,-7.434211940168975907e+00,-8.322859121358780143e+00,-4.917319930649737714e+00,-1.955579145523442808e+00,-2.926547198839845709e+00,-4.749379554183850161e+00,-3.285728757736592343e+00,-8.734842260580018447e+00,-9.420893946368424920e+00,-8.146706154142012934e+00,-7.448874531657367015e+00,-6.047114374068291553e+00,-6.331113677389619276e+00,-7.007743454115008319e+00,-9.298681472714406482e+00,-1.191656139313477425e+01,-1.161543755151689439e+01,-1.850048494999588300e+01,-2.044313845171556920e+01,-1.479792777940872917e+01,-1.609594583767637488e+01,-1.426309656652550295e+01,-1.411877455926776470e+01,-1.931161626794765951e+01,-2.037074412147438096e+01,-1.968169680488945872e+01,-2.116993125729455727e+01,-1.893467225904979401e+01,-1.730763685179565314e+01,-1.941654969119128893e+01,-1.861229644379681147e+01,-1.837215660124853045e+01,-1.572965883075147531e+01,-1.861836524563167927e+01,-2.323464561087095603e+01,-2.103986050292689569e+01,-2.331121690937219881e+01,-2.550750497407585016e+01,-2.459978232203534532e+01,-1.872825961376497617e+01,-2.063317695206114166e+01,-2.464596069919404897e+01,-2.714176777063259394e+01,-2.366500990464654208e+01,-2.287828015793904157e+01,-3.181509516188623365e+01,-3.592208259972021267e+01,-3.671497489946469273e+01,-3.758053926155810132e+01,-3.321536804528137310e+01,-2.940626823251453104e+01,-3.008664220381711374e+01,-3.031439026889558974e+01,-2.853060000401343643e+01,-2.836909744953738866e+01,-2.951140732277591283e+01,-2.591489536861644893e+01,-2.308949475771729354e+01,-2.226621621420870412e+01,-1.998457432121043809e+01,-1.873898425357569408e+01,-1.837665362162607252e+01,-1.950667997545817656e+01,-1.996015853282522912e+01,-2.120087028757869518e+01,-2.010731097580314142e+01,-1.916561291601858841e+01,-1.547038127920724015e+01,-1.598950942116576890e+01,-1.526818038785133425e+01,-1.013644485998022127e+01,-5.445974208287220009e+00,-4.717871746143685208e+00,-4.812737834787224500e+00,3.498992971115573170e-01,-1.893026897812157827e-01,-8.414803702801442853e+00,-7.332540483663495756e+00,-6.243323392310977660e+00,-7.283491738527785309e+00,-1.090632654515362709e+01,-1.431946091191006687e+01,-1.335232430414803595e+01,-1.078963395186484675e+01,-1.491320876640778081e+01,-1.597379662054269644e+01,-1.668247094627299276e+01,-1.790809405096898033e+01,-2.052048430906238963e+01,-2.354228605375878303e+01,-2.837325641554048161e+01,-3.186412305544270041e+01,-2.910342253635529985e+01,-2.643107596457928565e+01,-2.253953875277929697e+01,-2.361743166991411513e+01,-2.619363429927334508e+01,-2.781527358292800400e+01,-3.116095443378383223e+01,-3.167712515478875090e+01,-2.787415386743950307e+01,-2.676117625691409430e+01,-2.940430471252869538e+01,-2.858551673599692933e+01,-2.849581134486521705e+01,-2.520956379748562171e+01,-1.864758157077127976e+01,-2.003984080408449842e+01,-1.851636301075286895e+01,-1.584944714308995195e+01,-1.497493571765858356e+01,-2.387906127628103548e+01,-2.816527911714794286e+01,-3.213245196779880075e+01,-4.065943348857872763e+01,-4.160047451406191499e+01,-3.533480409256726062e+01,-2.819527302503705357e+01,-2.795094514133359809e+01,-2.643092919683654429e+01,-2.600587940176898272e+01,-2.851489532186293019e+01,-2.964387237825143728e+01,-2.523036810125321239e+01,-1.900284640017502369e+01,-1.837535389909314176e+01,-1.740205423665424078e+01,-1.571207308592375895e+01,-1.532532921183879893e+01,-1.731577395246533158e+01,-1.833578415249796478e+01,-1.924396848390604831e+01,-2.072943543000661748e+01,-1.755101795422856625e+01,-1.328132029142292048e+01,-1.061016262511841823e+01,-1.410414458410500060e+01,-1.635555157346103883e+01,-1.973170203413368995e+01,-1.750751595456165077e+01,-1.561609581675553216e+01,-1.893454358009383753e+01,-1.619867865520649985e+01,-1.369341315573472606e+01,-1.351298695889349766e+01,-1.789967096864982921e+01,-1.975300049654156709e+01,-1.427616281293546763e+01,-1.469098268434680321e+01,-2.187707182885284496e+01,-1.933056154417885608e+01,-1.771611206862810661e+01,-2.037132969658026127e+01,-1.820713330531031104e+01,-1.456918477326195571e+01,-1.125467407403989206e+01,-1.247662049775137483e+01,-1.711730894973671013e+01,-1.968428743639370282e+01,-1.875273754420268446e+01,-2.004483883192742510e+01,-2.222215386675523874e+01,-2.187321134007640566e+01,-1.960190047866454321e+01,-2.058596116596458003e+01,-1.882701637659714677e+01,-1.426487247265337999e+01,-2.118564638015800838e+01,-1.908723247583506577e+01,-1.331277260655314976e+01,-1.154913919699832014e+01,-8.503576618050356473e+00,-9.548418411904995295e+00,-1.334156803457295482e+01,-1.640263350610979032e+01,-1.491418615769270595e+01,-1.469528928444468718e+01,-1.373832384323085876e+01,-1.486213415954014216e+01,-1.533696996224305664e+01,-1.424386796549489631e+01,-1.251542563634408367e+01,-1.048389794740280934e+01,-1.290044571763429637e+01,-1.502711121951703355e+01,-9.200173680881292171e+00,-9.198781394548994683e+00,-1.113462836455195770e+01,-1.482924506160058797e+01,-1.569878820278996656e+01,-6.394980634515109230e+00,-3.192174182603834343e+00,-5.202591422554556644e+00,-8.157275422908861984e+00,-5.028660213451459526e+00,-1.170570087687372407e+01,-2.047972108324180240e+01,-1.575613270494030616e+01,-1.517019839440592754e+01,-1.875843382305664875e+01,-1.827402495604466637e+01,-2.064954253015871899e+01,-2.010934105255701709e+01,-2.160957042776427528e+01,-2.390333769919241291e+01,-2.329686379979412791e+01,-2.089761758192324947e+01,-2.060456454233909795e+01,-1.949331404425477388e+01,-1.954161845097418748e+01,-2.189661845704467069e+01,-1.983861873842747414e+01,-2.151764754974118077e+01,-2.193664723290108043e+01,-2.334238723900047674e+01,-1.691264775448263435e+01,-1.289906331056997324e+01,-1.545232341168177470e+01,-1.624069782825135277e+01,-1.573298717513680955e+01,-1.931018632482485842e+01,-2.229596627034464973e+01,-2.356899989519283167e+01,-2.650495037220660066e+01,-2.838245248079870109e+01,-2.191813214174977986e+01,-2.252847043234360669e+01,-2.284269305482878920e+01,-1.826811508965502284e+01,-1.607853757374397929e+01,-1.580376144442330499e+01,-1.760061595085111463e+01,-1.866348107296057179e+01,-1.443454026133317925e+01,-1.091831440678694953e+01,-8.374827709649872887e+00,-9.209417761198118058e+00,-1.378158807054351698e+01,-1.393697985703109410e+01,-1.591087502506633555e+01,-1.017785492374498979e+01,-5.862427786148509234e+00,-4.989927236939792898e+00,-3.201473348958367549e+00,-2.227690847101413407e+00,-2.028369775699905730e+00,1.345546988640661468e+00,3.469385068295562924e+00,1.063799842124596751e+01,1.010317559266505505e+01,5.560473035618042736e+00,3.799744201136484811e+00,2.870590495315656909e-01,-4.234002953479658160e+00,-2.991954016609131184e+00,-4.746943213995361788e+00,-1.329354774707680598e+00,3.821347519756662869e+00,3.783390757102226054e+00,4.048477863558969325e+00,2.481937310448989464e-01,8.403935128754289607e-01,4.851096059253438675e+00,5.554166948676681592e+00,4.674461350187475439e+00,9.101145603516833660e+00,7.993338957763525876e+00,8.337786185901654434e+00,1.780379759814917406e+01,1.206462943800343623e+01,1.232404370633953761e+01,1.841931665966603404e+01,2.157026166444128634e+01,2.286820220071641074e+01,2.277529974831204029e+01,1.934254038061461500e+01,1.244733433982429816e+01,6.701480375891253338e+00,5.819086692560481389e+00,4.887450113194788948e+00,3.401768832651010932e+00,-1.912733831898537851e+00,-5.197434633482294508e+00,-6.035562917502971025e+00,-4.726044995215017863e+00,-5.563080337172055856e+00,-2.506939769180446032e+00,3.396142624602037863e+00,6.716996452304175413e+00,3.641792804270152395e+00,-6.456398144661488203e-01,-5.323368474948792617e+00,-5.189044226478162436e+00,-2.544036926824416067e+00,-9.053223560411289839e-01,-2.921107061216270395e+00,-1.147238880714814435e+01,-1.234632287617476720e+01,-1.265019911687577014e+01,-1.777168581957635141e+01,-1.666671252087804689e+01,-1.055336202902080522e+01,-1.404426954469818689e+01,-1.744642386660121147e+01,-1.725961856915295201e+01,-2.126275202655702401e+01,-2.191710009361696265e+01,-2.180803491303486652e+01,-1.992161835205138232e+01,-2.014782344946460313e+01,-2.015004465506514819e+01,-2.014852371958802379e+01,-2.088583187117668771e+01,-1.986943914772768238e+01,-2.005379917891362496e+01,-2.155322782136235560e+01,-2.106831794582067374e+01,-1.803370771454974175e+01,-1.398652568314754774e+01,-1.456654556644069132e+01,-1.868179590281227931e+01,-1.344244518559365709e+01,-7.379648784387014437e+00,-5.622970243104462362e+00,-2.451142789754683804e+00,-5.035465343003923344e+00,-1.169514731279025810e+01,-1.435704025030251074e+01,-1.770872297197653467e+01,-2.478200570691542026e+01,-3.156597951017122128e+01,-3.213043955209010960e+01,-3.868326764650896621e+01,-3.467604479563303954e+01,-3.724295234564242207e+01,-3.475625300335427426e+01,-3.161383764093864457e+01,-3.012774679874690875e+01,-3.011695989618741010e+01,-2.699009751883363961e+01,-2.502140648148272106e+01,-2.606352055344092022e+01,-2.557927592454454313e+01,-2.624657750532754363e+01,-2.860633143005659562e+01,-2.604820889852605603e+01,-2.581247072567532896e+01,-2.502002035682192727e+01,-2.142512474843365311e+01,-1.388325863861840936e+01,-9.414579327794134755e+00,-1.335516944101336634e+01,-7.373653852494052252e+00,-4.988651872888928196e+00,-3.996705902297029933e+00,-2.123276544984885383e+00,-3.960928533168939669e+00,-6.652017372910718152e+00,-7.254774589364827442e+00,-7.278477095611685321e+00,-6.336702517243645083e+00,-1.098278672914959486e+01,-7.554425308727952704e+00,-6.258886297720824388e+00,-9.081552574622731910e+00,-1.474017746927190053e+01,-1.826699017336228792e+01,-1.477337274959282176e+01,-1.222088984197098860e+01,-1.629210665103986244e+01,-1.505228581024623224e+01,-1.438136473370029123e+01,-1.275257759558419757e+01,-1.156643608279974167e+01,-1.317973269289094418e+01,-1.695500355234802825e+01,-1.558833549504545957e+01,-7.124513240084427323e+00,-1.582941099666399509e+00,-5.897906660642767029e+00,-8.980508640114953423e+00,-1.015523415213175085e+01,-9.161674354972305423e+00,-6.692704076266143609e+00,-9.149339355570744736e-01,-3.912948754761983450e-01,6.479597278336102217e-02,-3.337331947998411485e-01,-2.027750223684295694e+00,-1.909739165790901527e+00,4.001366225041737557e-01,-8.401657120445235050e-01,-1.979866042421666972e+00,-1.823479055354628064e+00,8.615911220395788828e-01,-5.452605056946933093e-01,8.586128389999184707e-01,3.731948557461381544e+00,1.099122836215819987e+01,1.413672154663455771e+01,1.290795674381731040e+01,1.308040655818046361e+01,1.204119239314256440e+01,1.059696908925172742e+01,6.634064455560387152e+00,9.177952094411500283e+00,1.039339095695535242e+01,5.066564340475463446e+00,2.666093385662597903e+00,1.957783634079119262e+00,-2.599082622936721876e+00,-1.383313942211291891e+00,3.672819983093181140e+00,3.267401727530402589e+00,-1.147076554158235728e+00,-5.941877634692145360e-01
-3.665626632080385150e+01,-3.779099187871049992e+01,-3.373003572673728456e+01,-2.641095856382460383e+01,-2.180583275183816028e+01,-2.319792554687921537e+01,-2.257282274200055383e+01,-1.841643314420001332e+01,-2.527499632589596601e+01,-2.325782226333879166e+01,-2.246324822636239915e+01,-2.644755617713956752e+01,-2.772228100042939758e+01,-2.921884671768543029e+01,-3.018858537778035611e+01,-3.301017691748415928e+01,-3.052895579952182459e+01,-3.002890142754432645e+01,-2.825785140841073684e+01,-1.859871706456750928e+01,-8.120011950764503439e+00,-2.228322894426183698e+00,-4.960333235075153446e+00,-1.092473410212708096e+01,-1.058140306172613698e+01,-1.002951080420062979e+01,-5.810518475990638088e+00,-4.003848440188134128e-01,7.296283337846156236e+00,1.296904841492763261e+01,1.280477289593000201e+01,1.000312394467574428e+01,9.687630373215206703e+00,9.454135491184191054e+00,6.958924409759690732e+00,4.207007320054628963e+00,3.763785540872896629e+00,9.340089764546421591e+00,1.009071635377464737e+01,1.872080023340988220e+00,-2.201504846713842500e+00,-6.201818240112147329e+00,-8.048896268684757160e+00,-5.900376603709283962e+00,-1.519899370167290265e+01,-2.323705703346254481e+01,-2.648661232010022104e+01,-2.707955226455428033e+01,-2.690484254572322698e+01,-2.363688805049748609e+01,-2.136858730110253646e+01,-1.511042143120352499e+01,-1.161047529945020251e+01,-8.932137433858084563e+00,-1.207211503987572065e+01,-1.225532027956476888e+01,-8.588401322584257258e+00,-1.298317031336822147e+01,-1.286220780770014294e+01,-8.612958158521724528e+00,-4.966722535446863596e+00,-1.202823877186296464e+01,-1.256659409409514261e+01,-1.359489157859834130e+01,-1.639935130050630718e+01,-1.606245988555810911e+01,-1.527868236606272667e+01,-1.827739475010962877e+01,-2.261418970049565402e+01,-2.035748411561838722e+01,-1.636525038817674371e+01,-1.089018259648308806e+01,-1.088829248262036309e+01,-9.441366454690065524e+00,-6.705377686063232368e+00,-6.030733770358005508e+00,-6.670713102398731387e+00,-1.338139863109723215e+01,-1.607326145317333754e+01,-1.555867524461587514e+01,-1.600144256364757567e+01,-1.600734690627971091e+01,-1.828637095060593154e+01,-2.235803939989111200e+01,-2.134231775073540049e+01,-1.915710708692023800e+01,-1.583457582640212458e+01,-9.906147800555743288e+00,-8.739211328613956553e+00,-8.898901857336754873e+00,-3.603738919557379905e+00,-2.304674888075691208e-01,2.975847215363836451e+00,5.515595551657267670e+00,6.183900884131150910e+00,4.764159848180151258e+00,4.274111669493534826e+00,3.995068595616247276e+00,4.461786243520524664e+00,4.807541102431884816e+00,4.045337490155900717e+00,5.619583063571534254e+00,5.325606318756526569e+00,1.226236133127108108e+00,8.857381770470094118e-01,1.764091699567274407e+00,-2.765601971994494424e+00,-7.132690359359247445e+00,-8.573580000908092913e+00,-1.011745076310912239e+01,-9.281353455372212125e+00,-4.576840951184292017e+00,-2.304108288531150794e+00,6.279529911503185069e+00,1.314372184014986544e+01,1.401667758920728879e+01,1.218816594806957276e+01,9.927586979531714206e+00,9.377654119554390988e+00,1.012811145008131142e+01,1.058201090994941040e+01,1.010485725152308945e+01,8.917384798549173042e-02,-1.068031152937030193e+01,-1.095926606904555278e+01,-1.019612567844840001e+01,-1.115485285838213692e+01,-7.816040417805933949e+00,-7.022985138723666587e+00,-6.797147709582559649e+00,-5.481731064069852444e+00,-1.830186515150327597e+00,-3.149436986054871657e+00,-2.008063239470448402e-01,-4.220578358879486736e+00,-1.113708156164036289e+01,-9.600821386646746447e+00,-5.372668323627219245e+00,-2.220665432110064064e+00,-6.091664822211890318e+00,-9.512159555322931226e+00,-1.047270228355133348e+01,-8.884229577938787870e+00,-9.711796852258352430e+00,-1.277474295717006392e+01,-1.258017883146236393e+01,-1.607509051367730279e+01,-1.228155652035957779e+01,-1.077916323620017813e+01,-1.070145323256246250e+01,-6.542945532725084057e+00,-2.255860828350334746e+00,2.433513217705757015e+00,1.572713570476610645e+00,-8.040852486833061086e-01,-1.901347966364162811e+00,-2.882477059131096642e+00,-6.989881869686805693e+00,-8.489580205375158783e+00,-1.157973253968609306e+01,-7.676435885424273131e+00,-2.597312290289794934e+00,-3.100025746872250298e+00,-4.557396874110124507e+00,8.328576417383382058e-01,7.780856816433374235e+00,5.482151026266797622e+00,7.112731739122355457e-01,-5.107498720998917996e+00,-8.846395334360913409e+00,-1.702273459888571150e+00,-1.587516551952725674e+00,-4.126521349304774766e+00,-8.517159898181809297e+00,-1.262535838402438948e+01,-1.058449544055893732e+01,-7.984405442765036831e+00,-7.898245846507989221e+00,1.694380211368390565e+00,5.587375470708369818e+00,4.563760789845838772e+00,3.423818494871783358e+00,5.600337097881928905e+00,8.096739089736244566e+00,8.537823037439816076e+00,4.574436239938489912e+00,3.055134830217026476e+00,1.608125946887616897e-01,-5.404226073454885260e-01,9.038997120557374920e-01,6.598045937680033113e+00,6.305462091924478152e+00,6.110618182802936005e+00,6.860193890943428130e+00,5.421409485426614161e+00,4.119559231808690214e+00,3.723497840457625774e+00,8.531599664425484342e-01,2.495064890633164278e+00,3.390850119144350194e-01,4.274363484628494803e+00,1.134402840316976935e+01,1.228202926353069735e+01,1.380859763347949709e+01,1.373272723301636766e+01,1.243039090737502761e+01,1.170612263805563558e+01,1.404493664169080880e+01,1.370570901000610320e+01,1.602175233303037771e+01,1.915596979991327586e+01,1.333545716226489120e+01,7.627860200088463216e+00,7.773456500630405941e+00,8.546796619864377220e+00,8.346038993319870869e+00,9.022121775383004305e+00,7.739284818607209182e+00,6.235433056511836547e+00,8.907181441378511977e+00,8.592409081965545425e+00,9.565517939123877156e+00,6.608160478669305782e+00,5.044941422194131775e+00,4.424244302757461611e+00,6.420015029601990442e+00,6.587710698029247247e+00,2.124953395680153179e+00,4.077205950378973931e+00,3.646538702423083755e+00,-1.706892431967508283e+00,1.870121807626559551e+00,4.127012488945334567e+00,8.347253270455224694e+00,8.023992935074105048e+00,8.680118583908971175e+00,7.286528304981544579e+00,8.853136138747077055e+00,1.127957628427268943e+01,1.091594421072131738e+01,1.068273556869845109e+01,6.924623346109882505e+00,1.055329634582252929e+01,9.342018495982783222e+00,9.989157704962758899e+00,1.943749509940092679e+01,2.260131448326845316e+01,2.709621186868896103e+01,2.625866839991504165e+01,2.520569064159808548e+01,2.173375618301627554e+01,1.434818078845345646e+01,1.472238388338744386e+01,1.571629028446438880e+01,1.238407905689282273e+01,1.237458049456068743e+01,1.021988558176049899e+01,5.020351257046327120e+00,3.354286832111580186e+00,3.651925462298117431e+00,3.943769266716267374e+00,2.427862684526451154e-01,-2.314431170435768070e+00,2.284555389608556641e+00,1.736590767204798436e+00,1.305945104037253390e+00,2.981573680331410237e-01,8.730030664319830436e+00,9.876153552376695899e+00,1.113473571074502289e+01,9.675526440462308031e+00,9.537168038359171263e+00,1.066666168694686867e+01,1.198669600918915634e+01,9.199098641433890222e+00,7.907551251619238109e+00,4.926148514804502554e+00,3.701172023385725374e-01,7.595188360187758114e+00,6.435809819881511906e+00,4.542028408547255758e+00,6.396977194228390395e+00,5.961976094309296315e+00,7.043179144947261605e+00,4.339363873838146368e+00,8.858134116363332311e-02,2.054644445865647207e+00,1.087403526704580869e+01,1.310139594805487562e+01,1.137621683243633086e+01,1.440204531869904159e+01,1.405983979162047248e+01,1.633726782766638408e+01,1.823651935892087295e+01,2.187542682246655446e+01,2.234393540358922792e+01,2.024810084400222010e+01,1.717023938783140125e+01,1.714898333547496279e+01,1.652308226633367738e+01,1.637243508722054486e+01,1.524374260813321769e+01,1.543812169331569883e+01,1.665866311701995528e+01,1.810892634911577659e+01,1.735687688595381672e+01,1.785628299565547294e+01,1.775047326882155829e+01,1.475471895903913833e+01,1.651457663001800213e+01,1.466102623553943474e+01,1.151908650564877235e+01,8.088860668421636646e+00,2.476339204426975638e+00,3.488743050321157835e+00,2.414745404189247324e+00,-1.224796843654062162e+00,2.934356536114859360e+00,8.797047718924005721e+00,8.910407153999754470e+00,5.809172838210450607e+00,4.371063181433066269e+00,4.686986601917450201e+00,2.968031595058309602e+00,4.623084395927546275e+00,3.537728788731977936e+00,-1.150323906960424719e-01,9.802251245767270582e-01,-4.710457127146737144e-01,-6.371079354011226492e-01,2.329964278376279729e+00,5.096817469229243613e+00,4.232043619464728401e+00,6.982306565458833880e+00,3.227214858609177117e+00,2.488335020172542378e-01,8.191987198708234885e+00,9.443064306956149068e+00,1.124050010924916165e+01,1.295166186225918636e+01,8.802912361579169342e+00,8.458377239222651056e+00,9.788586176782867909e+00,1.013893915639669707e+01,8.986976928347129245e+00,1.135757209039709714e+01,1.149104037945881984e+01,4.799056450965204057e+00,5.586393859651722416e+00,7.894813308594788026e+00,4.082002374770341113e+00,6.292486157758429677e+00,3.858917120471569984e+00,5.309331409625070997e-01,4.803315361819957552e+00,1.701242510809511721e+00,1.923853576044484703e-01,5.999140007046308121e+00,7.088794565923570268e+00,2.673907067568848106e+00,5.542394391589948732e+00,6.990170080472881686e+00,4.022959082345361814e+00,4.826341279483473912e+00,6.749056416419040083e+00,4.533226000490089724e+00,1.676006795759225287e+00,6.281685138801634594e+00,9.617710192084890863e+00,9.896558780973986558e+00,6.542037658926504129e+00,4.016504408823781347e+00,2.220915777478630893e-01,4.246543120462090037e+00,3.488006488527557902e+00,4.477861910108856591e+00,1.844127326603874462e+00,-2.026134802492357279e-01,-6.719115421629138218e-01,1.756375593213580499e+00,6.518674471116403524e-01,-5.408406871556312723e-01,-2.204837276992649142e-01,-3.491172366262506266e+00,-3.350344823070440903e+00,-6.384368784282728804e+00,-6.393110111976605836e+00,-4.883904624295759334e+00,1.429612288462945302e-01,-3.224117725717874361e+00,-9.534400636304969368e+00,-5.399783603850088376e+00,5.514979791998322334e-01,1.400254010915247260e+00,1.896415847639458141e+00,3.500005070208259683e-01,-1.614528126911341177e+00,-3.169193425014170007e+00,-2.796977609283790578e+00,-1.803620618924879626e-01,-1.743468815656664228e+00,-2.652265065189174820e+00,-2.821732539812847218e+00,-5.268307165770250045e+00,-5.103265220630445853e+00,-1.923738442232675594e-01,3.719703249003947665e+00,4.944520369637257079e-02,-5.167891542590031584e+00,-1.965280319978511603e+00,2.028575726426988246e-01,9.663989238348054123e-01,-2.147605629641451852e+00,-5.209969098147159805e+00,-7.823841823980477450e+00,-7.183135019855320103e+00,-2.825428226576014001e+00,3.742821406769262893e+00,3.451223526820693444e+00,4.157794926342081254e+00,8.303863918201029648e+00,8.357054336780061377e+00,5.957917548015010389e+00,8.845569661998565536e+00,1.733987454802663208e+01,1.131353180730651786e+01,8.193062827556547134e+00,1.438168658000256173e+01,1.822912577039644688e+01,2.002136892763941844e+01,2.572386118911857267e+01,2.545304708810240868e+01,2.583919220079092227e+01,2.775371652396824729e+01,1.890238215813372946e+01,1.011533177376802861e+01,8.618332468368397059e+00,9.297286923420362115e+00,8.064782389512265226e+00,1.079082642078260257e+01,9.807321008522631445e+00,3.408611182628403125e+00,1.119757117409450276e+00,4.442332225434080684e+00,5.978107380486214595e+00,5.628539738796965786e+00,1.093337135773295010e+01,9.564543094595086004e+00,7.153822131402076678e+00,7.784108576182259931e+00,8.646280379991877041e+00,3.169182875080281292e+00,7.542188899883655040e+00,1.316463557001545048e+01,1.735490840176441196e+01,1.718829338493481629e+01,6.862011926274461437e+00,4.296937183394725857e+00,5.267726752455121009e+00,8.036224921404144794e+00,5.717710159365806177e+00,9.170978699808303602e+00,8.879906614511257956e+00,5.247232964072625627e+00,5.155518239605400233e+00,6.535253520531650651e+00,1.019262041069969271e+01,1.197448418691894645e+01,1.008903468088040434e+01,5.394058161030169884e+00,5.342613808150474597e+00,2.633489362000909217e+00,5.584393425351723117e+00,6.500759571374627122e+00,5.703795036407788288e+00,7.142122291182557703e+00,6.445295817863573973e+00,8.816345868333360869e+00,1.414892113180347799e+01,1.194537133400817552e+01,8.637319610030337103e+00,9.215839946396318538e+00,7.420579370904551553e+00,6.786950931640948426e+00,8.798952016471377036e+00,1.012795521315196545e+01,6.606747928985758911e+00,1.056464120733357426e+01,1.449773962767879354e+01,1.271660422128224077e+01,1.373427303814987077e+01,1.498952495931748885e+01,1.195454599873428592e+01,8.475557361504479914e+00,1.534623592701407091e+01,1.582136779772573831e+01,1.100072830505122745e+01,1.204187712388606890e+01,1.353838856058415807e+01,1.459973610430511926e+01,1.565715224810915629e+01,1.489037993930682902e+01,1.843390294990132716e+01,1.919977081030581800e+01,1.912677519759795075e+01,2.082200504312199030e+01,1.945372603482510954e+01,2.029326986880840877e+01,2.502468848902062604e+01,2.888312836313138376e+01,2.956470406534652184e+01,2.918215929696789246e+01,2.677908906041389159e+01,2.833357728821402333e+01,3.040919388856319827e+01,3.405573177521812767e+01,3.367507407183467905e+01,3.328595720279029280e+01,3.182157030908724593e+01,2.949122395899043525e+01,2.866129465632963047e+01,3.397469737071678964e+01,3.446649772059674177e+01,3.248812943511563844e+01,3.084973140360105859e+01,3.294903485449027869e+01,2.945229507829922611e+01,2.743394567109835336e+01,2.915172618423714468e+01,2.852080627499433874e+01,2.207274357765058070e+01,1.602260567128774582e+01,1.621913839700132698e+01,1.740631388419924619e+01,1.965602717456449255e+01,2.289758136171153424e+01,2.262507553890989342e+01,1.986761751189260039e+01,1.656325439084906392e+01,1.186791146126204666e+01,9.542103718598307083e+00,1.379636855844252530e+01,1.624134164700512883e+01,1.167146056052956382e+01,7.251900719069856116e+00,5.406064925797685383e+00,2.432111868550458134e+00,6.800374603634984361e-01,-9.499993994960589383e-01,-2.492241216835829665e+00,-3.182518183981855930e+00,-1.855815254685010185e+00,5.421259774352553684e-01,-1.985636303402012803e+00,-3.249448105684852539e+00,1.819478160519411691e+00,-1.181834715848454120e+00,-4.582289085983696886e+00,-4.008890228256142940e+00,-1.442715225997002637e+00,2.177286637154689952e+00,3.119465138497052314e-01,1.309697010164228903e+00,1.908845067986901789e+00,-1.789558312546307928e+00,-4.589552798212642948e+00,-8.528767850544283213e-01,2.130026104342934712e+00,9.711119930381202359e-01,-7.727759125970981025e-01,-3.191428986744848206e+00,2.940883727164128381e+00,8.527650354998112192e+00,9.593257931174843378e+00,1.000538778781308835e+01,1.131189636092521944e+01,1.400121239084698033e+01,1.485870884041946205e+01,1.683868930045630918e+01,1.487920009780689412e+01,8.987413926925631458e+00,6.149428562393217668e+00,3.010712151522429547e+00,5.649365960567889644e+00,7.670439943416677231e+00,3.101947890503714333e+00,-1.053799593977192472e+00,-7.602407108607778241e-01,2.677563848425303039e+00,1.681567037775361539e+00,2.136140478778596918e+00,4.618129945854043683e+00,-3.866452654858132831e+00,-8.475411220514271093e+00,-1.115981755132447795e+01,-5.171831963790781472e+00,-3.620123760659514023e+00,-4.235850707961631656e+00,-3.838318964194101124e+00,-8.712248953239166482e+00,-1.621274470915251342e+01,-1.729626730062370044e+01,-1.821759799811150771e+01,-1.436306976266334701e+01,-8.066328816277694713e+00,-5.268247098192526678e+00,-1.552192946422176867e+00,-3.366025785379079149e+00,-8.872778386028077335e+00,-9.195587394067933573e+00,-8.774505191540960425e+00,-7.161552746884275678e+00,-6.440727557408993498e+00,-9.221127915391031493e+00,-7.567794470686595609e+00,-4.307602870087639424e+00,-6.729019996582263907e+00,-4.473970221000365122e+00,-2.697659096745703255e+00,-8.439358924540089901e-02,5.351259604338932441e+00,8.195219148206433601e+00,1.118555054279704208e+01,8.983462100764356251e+00,6.046595585123567318e+00,1.011012618324584622e+01,1.286600097237074891e+01,1.184529875458001591e+01,9.487530728414078851e+00,1.084162823100418649e+01,9.331587179841902113e+00,6.100277355881788210e+00,5.752506730454066464e+00,1.140184916243082380e+00,3.107037978138515122e+00,3.863996615472234719e+00,4.455733043778695168e-01,2.655137204006176255e+00,8.276933499061730259e+00,6.062716180354810191e+00,1.342491373951476996e+00,-3.952188445785898452e+00,-1.260537696276153596e+01,-1.679020420096712840e+01,-9.379234144496624737e+00,-9.463576282637510273e-01,3.830224524345148929e+00,2.533284322934767352e-01,-1.525588170787475661e+00,-3.725239855675869460e+00,-6.354910245794491708e+00,-5.275888781200264610e+00,-7.295459102027992415e+00,-9.258619339720777219e+00,-8.321284058291842811e+00,-8.562515651206538791e+00,-9.254822482005685913e+00,-8.569328855145933233e+00,-1.146626061862569301e+01,-9.209565061412240183e+00,-5.002006576103504187e+00,-6.350117700250447861e+00,-7.803651630455130217e+00,-1.632315226664253327e+00,5.881239782225528012e-01,8.546745563660843814e+00,1.478207558311724235e+01,1.690285651296691682e+01,1.742567305653991738e+01,1.287452198715094909e+01,5.277918852330123478e+00,2.853399846602994394e+00,5.368218610135876645e+00,9.265199276926264105e+00,7.159731430740908564e+00,4.684619644828579510e+00,6.836625916894864652e+00,4.406093181455343455e+00,3.679830356728856611e+00,8.948655917351388212e+00,1.387332776468060658e+01,1.392055753281575647e+01,8.051749705462370343e+00
-3.448993364352815405e+01,-3.583416019823902587e+01,-3.872221652331187869e+01,-3.839275862452481647e+01,-3.202717346747279947e+01,-3.263042880963941172e+01,-3.196264667830891781e+01,-2.858408953917253470e+01,-3.114634952595528006e+01,-2.118377981962674994e+01,-1.080767087446929153e+01,-1.542556891850921197e+01,-1.598053322227862338e+01,-1.823626032046960077e+01,-1.910369502273189468e+01,-1.929793609106922503e+01,-1.668880103520136160e+01,-1.217740446490152095e+01,-1.047838003695394882e+01,-9.428159961971642744e+00,-9.670685823310797957e+00,-8.551389404618022771e-01,-2.513419838441998788e+00,-7.410907980946166873e+00,-2.044508581210040088e+00,4.395068961374401617e+00,-1.195072054818799190e+00,-2.767501897821188717e+00,-1.570093568772846782e+00,-5.425391443078899201e+00,-2.931931261974761949e+00,-3.763768536789816599e-01,2.644251203798072547e-01,-4.474994040235738879e+00,-6.023801328108191022e+00,-8.758969712823349241e+00,-7.421982320721232540e+00,-4.757463391964016353e+00,-9.720388264379256071e+00,-1.739016125135671942e+01,-2.292539697565791457e+01,-2.475304043286794453e+01,-2.144594483541781926e+01,-1.931998218064172335e+01,-1.768975182193807782e+01,-1.604040891545393777e+01,-7.279977536943845529e+00,-5.579232290009592532e+00,-3.072989476366543737e+00,-2.739550943713324305e+00,-2.603659565628249961e+00,-3.680303035553602164e+00,-2.228882378012043475e+00,4.979499761877091979e-01,5.651061385951253735e-01,2.264677082262208929e-01,9.789714302757014375e-01,3.291202825798392073e+00,-1.894108512421140533e+00,-3.645974942224744719e+00,-7.894018318485967356e+00,-1.117719818953083966e+01,-1.349580459461311399e+01,-1.398429697471983957e+01,-1.299525456236438892e+01,-4.554482482022907064e+00,-1.899100078435833838e+00,-4.697642395139457250e+00,-4.216777320594011336e+00,-5.416460028378770275e+00,-6.610342782475211898e+00,-6.223134176179704546e+00,-7.575588623905962216e+00,-7.675744630342107300e+00,-8.342912581957493856e+00,-8.104910424450180173e+00,-1.100594479198559128e+01,-1.109258967700045417e+01,-1.154162837864499025e+01,-1.117436217093531070e+01,-1.293176859595632777e+01,-1.051921753138135252e+01,-1.071433101811047806e+01,-7.392535594297817703e+00,-8.811769933674678867e+00,-7.972971136879722920e+00,-1.032528190851136785e+01,-1.244228152516595109e+01,-1.247575853534496559e+01,-9.474923419359292609e+00,-9.720462011155047932e+00,-1.289565545143189595e+01,-1.592270887450628969e+01,-1.410547108876206757e+01,-1.202615225663710241e+01,-1.451987562542083232e+01,-1.587056587665168017e+01,-1.675808982810062986e+01,-1.848704025566059528e+01,-1.458393743163831502e+01,-1.380124642968486270e+01,-1.408417209216151456e+01,-1.221482773837051994e+01,-1.477910284796055329e+01,-1.704739825339068915e+01,-2.051606845194213236e+01,-2.080990613330649097e+01,-2.066345256229598348e+01,-2.275615237642608335e+01,-2.261580177900855304e+01,-1.984083161031869125e+01,-1.848233236964113146e+01,-2.296772058799355065e+01,-2.261013392140124267e+01,-2.073590046011261023e+01,-1.560593621818784804e+01,-8.571045303800378434e+00,-7.355540057085927508e+00,-8.554364572620091423e+00,-5.796443900527329163e+00,-5.807148594246381634e+00,-7.926948239902760207e+00,-1.466146341702074274e+01,-2.191174435702659551e+01,-2.091635137547011780e+01,-1.955459788906393825e+01,-2.260283230004373323e+01,-2.094530726212324367e+01,-1.664195538366406169e+01,-1.417986426178680048e+01,-1.237740274664296791e+01,-1.237254430027572916e+01,-1.211789618212623054e+01,-5.073796103563358528e+00,-4.344381915070480105e+00,-2.356315951147400334e+00,5.209881286821197444e-01,1.668927845778734875e+00,-6.700338568038630149e-02,-4.597250730573822608e+00,-1.204178290657110395e+01,-1.501690943872781503e+01,-1.583549843338657759e+01,-1.813344715882743330e+01,-2.169962218699069467e+01,-1.547775679594222709e+01,-7.137764684670808712e+00,-6.350093209245060599e+00,-7.407253406071295565e+00,-9.781166034093125461e+00,-6.834860969131880459e+00,-5.226781431871797778e+00,-5.268862405171247154e+00,-5.404253658330927301e+00,-7.965596435110828821e+00,-1.002264116052742793e+01,-9.418937489973908228e+00,-1.211122726516230230e+01,-8.190060352837518209e+00,-6.210002288263663850e+00,-1.007105875804358597e+01,-9.907441942069619145e+00,-6.591523587515797367e+00,-3.031102466815353003e-01,-2.159395462496292328e+00,-3.261778507350120648e+00,-4.691250780451764690e+00,-5.484675187798547569e+00,-1.532958637580244809e-01,4.753596176870558132e+00,-1.226475566510189985e+01,-1.677130486052268310e+01,-1.761297638196682058e+01,-1.632968008226251655e+01,-1.653963097962521545e+01,-2.027378013982968241e+01,-1.998875091654463887e+01,-2.069356161290052398e+01,-9.639230307211143156e+00,-6.125253340199186131e-02,3.983675480447061990e+00,6.463107222514504535e+00,6.076153420435510988e+00,3.304844682960228486e+00,4.295053975795840806e+00,5.422529179373118957e+00,4.624473767119064327e+00,2.940392678818087635e+00,-2.470950138359378823e+00,-9.341842781478030266e-01,2.780913359478530911e+00,-4.635811285221019595e+00,-2.583336386280314478e+00,-4.122350499676006308e+00,-9.225976954377037131e+00,-1.072153311854766677e+01,-1.076609341084160221e+01,-1.573015370345412300e+01,-1.819956545294361305e+01,-1.799376189365036538e+01,-1.661048872010865907e+01,-2.073091614134314042e+01,-2.225836509379567474e+01,-1.413664882490494712e+01,-1.494193457090090327e+01,-2.356922936747804798e+01,-2.645826801791097793e+01,-2.170405003751299944e+01,-1.937864539357077476e+01,-1.990209279077749471e+01,-1.666341279995543445e+01,-1.293078824221601764e+01,-2.256450480145197446e+01,-2.480384388284782915e+01,-2.725931000851776531e+01,-2.911373347644165577e+01,-2.733168635307385586e+01,-2.437240536871014029e+01,-1.842423437945632969e+01,-1.916981547652697060e+01,-2.018857144082552679e+01,-1.845224457322991540e+01,-1.833162220633492012e+01,-1.904719139174253684e+01,-1.971376628083284288e+01,-1.890296441935372584e+01,-1.791905004836057458e+01,-1.749538132975543903e+01,-1.594708725943174699e+01,-1.999243609814236322e+01,-2.468572038711242200e+01,-2.395132534118978995e+01,-2.306856146570701327e+01,-1.833824548839490731e+01,-1.379253956241146462e+01,-1.529256819740985307e+01,-1.344325246882649161e+01,-1.437912861244966400e+01,-1.421575125703448883e+01,-1.245401846197112405e+01,-1.243883830663639500e+01,-1.144296257289981966e+01,-9.692273350707175439e+00,-1.105672349065266324e+01,-9.846618788222668783e+00,-1.049226303817536099e+01,-9.040735073135854449e+00,-6.217846061192641827e+00,-6.418139813186847675e+00,-4.823515215676512646e+00,-5.841283256905347443e+00,-1.365686230176371652e+01,-1.364657273476504429e+01,-8.377806354918005738e+00,-9.639402322055204309e+00,-9.233021131144965921e+00,-1.423963521909894681e+01,-2.141281416054469489e+01,-2.457016467470526777e+01,-2.924101151447109359e+01,-2.715657521680929776e+01,-2.362826748904642216e+01,-1.945406912420122580e+01,-2.173904595104969317e+01,-2.582191893830158591e+01,-2.653155981653813100e+01,-2.009016196058158954e+01,-1.815881071002475267e+01,-2.050531474069555671e+01,-1.730623624907260449e+01,-1.783353004444875012e+01,-1.640392771868409838e+01,-1.773462529660508480e+01,-1.941207353101633259e+01,-2.041228698362338889e+01,-1.844210122994787326e+01,-1.394307026466351829e+01,-5.398887904402060123e+00,-6.702535948167454904e+00,-1.472436961082294360e+01,-1.413167305691743536e+01,-1.130497856014970282e+01,-7.501935417217125979e-01,-5.551030352340172946e+00,-1.115871108397613298e+01,-1.134144005558236756e+01,-1.483465696754480234e+01,-1.311240165150059589e+01,-7.731570530942403430e+00,-1.050313276712908994e+01,-1.165625247949261656e+01,-1.676672637981140568e+01,-1.405835862733724539e+01,-1.093826666973294870e+01,-1.097554465550962632e+01,-1.568393348936155007e+01,-2.045472794150654750e+01,-2.009294853532571068e+01,-1.938644634926769683e+01,-2.067120910641942899e+01,-2.026958794677565123e+01,-2.062079494354484410e+01,-2.377125215128245372e+01,-2.472266666990750750e+01,-2.324106309865458186e+01,-2.011771324790542081e+01,-2.117042238157823064e+01,-2.012862704967362504e+01,-2.128019102000873630e+01,-2.382460668346262977e+01,-2.203315592155038161e+01,-2.106520007280222728e+01,-1.816197008477839958e+01,-1.996407031110590324e+01,-2.201738911300232360e+01,-2.067893302471395955e+01,-2.374013997545597832e+01,-2.394860758612797369e+01,-2.368935515310361950e+01,-2.576562677938471069e+01,-2.805578016186817791e+01,-2.595864574500767574e+01,-2.455912224313841108e+01,-2.422293064342654034e+01,-2.084140419177656156e+01,-1.999845440861842150e+01,-2.009274357749860940e+01,-2.005102366878587716e+01,-1.974534967269350005e+01,-1.703948823700204329e+01,-1.497462665630999901e+01,-1.070815127855706805e+01,-1.381910543068551434e+01,-1.308631714844449867e+01,-1.651931203124379266e+01,-1.418753167705383689e+01,-7.949928746750810404e+00,-6.220386388832062075e+00,-6.679599585612054469e+00,-9.335369438652985963e+00,-7.893732064886346045e+00,-7.930943585424858000e+00,-6.420591625260620994e+00,8.781221192360041394e-01,-2.433469417591126172e-01,-7.493209331103812820e-01,-4.826379675038691808e+00,-4.633708133742451274e+00,-7.592707035994161302e+00,-5.461458696939541113e+00,-5.767289346247543413e+00,-8.772736866887457907e+00,-1.281080749570600830e+01,-1.873816364342324903e+01,-1.834221128963256220e+01,-1.659534915534537092e+01,-1.476294287631102087e+01,-1.060446896112279447e+01,-6.410643819699213708e+00,-1.605462177268728086e+00,8.806948365726917638e-01,-3.157976317058567295e-01,-1.850177682377830868e+00,2.531581534300416880e+00,7.470234276731131828e+00,7.099825855704607669e+00,9.243843678447207779e+00,-3.723950185457265860e+00,-5.846434244035767946e+00,-2.398713778595508439e-01,-5.940779525721155974e-01,-5.925369690400153821e+00,-8.043600081029838478e+00,-4.443073113378829930e+00,-3.247804575063670374e+00,-1.202218537588686520e-01,-2.733303383610792281e+00,-6.563440757441314055e+00,-9.536434394360579603e+00,-1.428104278492985202e+01,-1.733441058021864833e+01,-1.511135651409551350e+01,-1.415688858276761231e+01,-1.434400251920553870e+01,-1.193727384598189900e+01,-9.542702542689498912e+00,-9.811540768462506890e+00,-1.047242816201243976e+01,-5.403442858160233619e+00,-8.790683389008549398e+00,-2.139441756740181333e+01,-1.335508502112145379e+01,-1.277514727829195351e+01,-1.283054131630586525e+01,-9.448390119887070782e+00,-6.055470543056899579e+00,-2.420635585729272510e+00,-2.551692476492319894e+00,-3.416703906992959450e+00,-1.971000083661347047e+00,-3.562875620195148585e+00,-7.411919377956778909e+00,-6.130344944388900430e+00,-5.087170417971112357e+00,-3.393225552787200172e+00,-3.419758355817902107e+00,-4.343890428696879802e+00,-2.826181504333608263e+00,1.194064971887332183e+00,1.631267017234583561e+00,-6.737969447563368908e-01,-2.330845893364745791e+00,-2.662289700265225711e+00,-1.634908573860783365e+00,-6.040961685829399741e+00,-7.714512925387555065e+00,-6.023936787577635066e+00,-6.599779455563076880e+00,-7.209018546229586377e+00,-8.966158611141151979e+00,-8.176540138445327344e+00,-4.332480428347675883e+00,-1.758533792197627177e+00,-1.183580624419207306e+00,1.925628662508069189e+00,-3.789100557066686914e+00,-1.078896504890309416e+01,-9.157153791684885746e+00,-1.164637657871175946e+01,-6.003017723971464825e+00,-5.771813677383578201e-01,-2.127864544639982647e+00,-3.245826815655032060e+00,-4.594532248629087157e+00,-4.280993667825929272e+00,-1.053698041981341937e+01,-1.318834398871442737e+01,-1.703354503756825267e+01,-1.469847781761646566e+01,-1.262302679712088249e+01,-1.585762923899878096e+01,-1.234668560523270564e+01,-5.331702121044676446e+00,-3.396728137466324959e+00,-9.543424199133948349e+00,-1.489113701791999134e+01,-8.787687391748402632e+00,-8.408423575818831708e+00,-1.046954276749348622e+01,-1.201352315606867727e+01,-5.380283136469381944e+00,1.545811417160539492e+00,4.225388657301375694e+00,2.871260532503546070e+00,2.710659337266291491e+00,4.814752882005469914e+00,3.692135739285755669e+00,8.524651211529290507e-01,-7.242514584071860995e+00,-7.971343256836727953e+00,-1.116610096484265036e+01,-6.143747102664716131e+00,-5.024942822162183020e+00,-8.193187627460204681e+00,-8.323774430331390306e+00,-7.212194578723683414e+00,-6.820441391344528093e+00,-8.405164327625641363e+00,-1.197826439526680176e+01,-1.848361867544370796e+01,-2.327164385320617157e+01,-2.306412222290953551e+01,-2.213337585507419902e+01,-2.007603586910840932e+01,-1.995514115562425772e+01,-1.746724219423331803e+01,-1.575743088143905268e+01,-1.362695056876404998e+01,-1.353027175201025933e+01,-1.727020268228495681e+01,-1.585491623830407271e+01,-1.222322975434255277e+01,-1.129615018137227977e+01,-1.135902790341559410e+01,-1.503913616124085628e+01,-1.605177461476411693e+01,-1.893996232760796516e+01,-1.819441766705026708e+01,-9.756712783940539424e+00,-6.613550773296995366e+00,-7.934206023628027182e+00,-1.216310507093126425e+01,-1.348360303538133387e+01,-1.517501565420140430e+01,-1.291221039499902190e+01,-8.974011692161592890e+00,-7.242480549229535214e+00,-1.062883764982426271e+01,-1.300169741579367511e+01,-1.042440129116815939e+01,-1.533107933450452087e+01,-1.703677956071798860e+01,-4.514261758623441700e+00,-2.889750684160785066e-01,-5.160756595218799481e-01,-6.686556264407176320e-01,-2.192551355531553448e+00,-3.066713250250007849e+00,-3.332551919111425232e+00,2.468811808204983027e+00,-3.421943155712068307e+00,-5.813405385370044698e+00,-1.022506654171989382e+01,-9.209687818209147281e+00,-6.039235711277475716e+00,-3.430851345266952457e+00,-8.754979105147308038e-01,4.715022453011817882e-01,8.256341490003628047e-01,-9.606808485571049161e+00,-1.371645383999305956e+01,-1.281386858971473863e+01,-1.080306558978704601e+01,-8.701386391798939357e+00,-6.721824015001705455e+00,-8.446803917782755633e+00,-8.209218657076888803e+00,-7.998208038250928631e+00,-6.598667373541570846e+00,-8.407887843876929779e+00,-1.825134162382964220e+01,-1.917589378093486019e+01,-1.877649110269301147e+01,-1.952227575730140430e+01,-1.718990478370722030e+01,-2.090993544696972961e+01,-1.721712575132038481e+01,-2.040735165471706480e+01,-2.678209482756246373e+01,-2.866185247218477983e+01,-2.651781301505993582e+01,-2.231908232698065930e+01,-1.809949403919465283e+01,-2.005134024834620732e+01,-2.347191590172192122e+01,-2.474117605699249012e+01,-2.155053312725615200e+01,-1.802933853879407167e+01,-1.761534541810234344e+01,-2.029809841395740122e+01,-2.103821844223182325e+01,-1.887734379618452962e+01,-1.769563573786290789e+01,-1.829263869127065689e+01,-1.430770920646875943e+01,-1.214773948710874762e+01,-1.153678108636305666e+01,-9.137710315806558015e+00,-1.360094441691813216e+01,-1.233447962813503729e+01,-7.617320586292372298e+00,-7.028290059460780448e+00,-1.153357691725459588e+01,-1.152908905847600174e+01,-1.488097995064494228e+01,-1.017001366073750646e+01,-9.353028054552334325e+00,-9.779893201200533071e+00,-6.046820128421033225e+00,-5.879896173670802639e+00,-6.943791103603993875e+00,-9.493175696538740382e+00,-7.464870713678975811e+00,-7.752519270264939699e+00,-6.856840760911643073e+00,-4.511659398613989680e+00,-5.405320470238090813e+00,-6.645873662648710933e+00,-6.176302702878606610e+00,-8.677889359635027944e+00,-1.173522602504088752e+01,-1.300932547606506162e+01,-1.183541745877800189e+01,-9.445211951884322943e+00,-9.315759251852714584e+00,-7.834922933387598043e+00,-8.107506688960471664e+00,-9.301714010073661498e+00,-1.067811093690221824e+01,-1.909527915461077185e+01,-1.829876939824381310e+01,-1.145237301486810466e+01,-1.639804037243399293e+01,-2.542968184496853468e+01,-2.663576864652547016e+01,-2.120405520814751910e+01,-9.573210405140375912e+00,-6.626264505393385740e+00,-9.508538250736107145e+00,-8.280813453848768546e+00,-3.244768755460044396e+00,-3.633823217664954086e+00,-8.189434519633921994e+00,-8.572869948885220026e+00,-7.538652499709145083e+00,-5.193059218514235020e+00,-4.423679629837575789e+00,-5.150844056715996544e+00,-4.486963639671317949e+00,-5.769578583018327045e+00,-9.523726595942862971e+00,-7.417730757056610003e+00,-7.989927280222127060e+00,-8.687805949121999660e+00,-1.292553278826772534e+01,-1.480442885574433198e+01,-1.558097589160196783e+01,-1.032739360031338727e+01,-1.060940597051601131e+01,-9.574987146105790714e+00,-3.470431717054779597e+00,-3.856625843949765819e+00,-5.016380490839685180e+00,-3.924815529510354839e+00,-7.264236818158029685e+00,-8.037548280855670413e+00,-7.786011989370621222e+00,-1.258974826715430062e+01,-1.164521557727959511e+01,-1.334528506101483103e+01,-1.796809417996013991e+01,-2.101853444682966909e+01,-1.866042190160837677e+01,-1.761622499067293290e+01,-7.300925171913180023e+00,9.439250377756095434e-01,-2.490137925785135264e-01,-3.369921659991550911e+00,4.660480429725645801e-01,-4.807541624987224260e+00,-1.427095408455580383e+01,-1.647668222118614878e+01,-2.054018484789535748e+01,-2.377924703236830339e+01,-1.793302736011904486e+01,-1.064235123610731648e+01,-5.121859398287823772e+00,-1.168311970542581513e+01,-1.570580055440630218e+01,-1.239201718253200646e+01,-1.551026748566329516e+01,-2.037830941918637961e+01,-2.311312202023876239e+01,-1.831175359122924817e+01,-1.613300781643827264e+01,-1.582169548850696650e+01,-1.942064826137097455e+01,-2.009417755999213284e+01,-2.030834648307299872e+01,-2.035918770986571857e+01,-1.854881719148195174e+01,-2.056135895555983240e+01,-2.051244274137027546e+01,-2.049676923327004374e+01,-1.696101968647270297e+01,-1.095873969798471670e+01,-7.558964304628715603e+00,-9.760541438777600831e+00,-1.147714230519263268e+01,-1.209922185589110732e+01,-1.642625543417381095e+01,-1.503057591175478436e+01,-1.139487779234516651e+01,-1.178806772817767090e+01,-9.027921514231410427e+00,-1.826319234377828238e+01,-2.012579784785527082e+01,-1.471414922558569316e+01,-1.564410043316292231e+01,-1.325151662376451256e+01,-1.317927372449632983e+01,-1.300207044934228939e+01,-7.767122316404416971e+00
8.394164073782102165e+00,8.387710909882926558e+00,1.100945291975062545e+01,8.129956568026608821e+00,6.019928582221689695e+00,7.015319001148488276e+00,7.359362520129910656e+00,6.079663636214746703e+00,7.992509966077166794e+00,1.145939700542889206e+01,1.487621579290916785e+01,1.547183693216819833e+01,1.493046866356686841e+01,6.685394432396098985e+00,5.116750633209281141e+00,1.006945057022398515e+01,1.219432471993899725e+01,1.048940245514867797e+01,1.283385784095890969e+01,1.122081962151747625e+01,1.387326200641430951e+01,1.711591234900815550e+01,1.114077521286233008e+01,2.408306593194700973e+00,2.592088925526955911e+00,1.161743443117734920e+00,-5.588992541000381564e+00,-1.261399941368142308e+01,-1.365884725117771836e+01,-9.509800668904741627e+00,-4.275615046425903287e+00,-2.116134826625436505e-01,-2.925065728726123027e+00,-3.605275044306541332e+00,-3.369040021345394820e+00,-3.896541472128710382e+00,-4.972844190583385782e+00,-2.872583236107209004e+00,-6.864658193702116051e+00,-1.229380389866731349e+01,-1.919575620295526974e+01,-1.851661388851317724e+01,-1.651130957816549127e+01,-1.676825865659410653e+01,-1.710160163269137712e+01,-1.968783743041324996e+01,-1.881952711674185608e+01,-1.672098905569597704e+01,-1.143309961805308816e+01,-1.033068070218050138e+01,-9.385801842263887806e+00,-9.956302357202041264e+00,-8.276248564211069692e+00,-7.672410997590681347e+00,-8.123698211111438638e+00,-9.620439751679024099e+00,-8.514875801005334921e+00,-5.776681640596091682e+00,-7.240712426621904285e+00,-1.189548936754544428e+01,-1.570238901520698249e+01,-1.032488790219447239e+01,-6.841352732486736699e+00,-1.006351971727416483e+01,-1.418033906874510564e+01,-1.412581468027936538e+01,-5.571059250510822736e+00,4.017996517633609654e-01,1.090907442196465738e+00,2.981710632793360016e+00,7.851138649976542538e+00,1.303248128013976626e+01,1.470007243857050128e+01,1.752480146604543876e+01,1.843544331189599816e+01,2.149408230503376416e+01,1.710913718503399394e+01,1.561177219054031440e+01,1.202704031761369663e+01,1.197054186297692269e+01,1.443629167171927818e+01,1.191582658233346770e+01,8.036257010147384250e+00,9.942778925346914320e+00,1.046562652941237204e+01,8.222492276563244218e+00,9.606889396937845049e+00,7.959134846683436848e+00,9.440232002586660398e-01,-1.760523260456531247e+01,-2.928928212470747994e+01,-2.998113139857085585e+01,-2.982106584604381183e+01,-3.182273354999612636e+01,-2.983117933440750491e+01,-2.829275796951641198e+01,-2.639558839896814035e+01,-2.609713000128899907e+01,-2.530117415089095445e+01,-2.399882537478997691e+01,-2.346105278667309335e+01,-2.572711401080821858e+01,-2.346146402878781956e+01,-2.185653654174673832e+01,-1.781648727901784213e+01,-1.608663443661740544e+01,-1.915028268579644788e+01,-2.031894576487198734e+01,-1.548875397093874895e+01,-1.277820695746026303e+01,-1.287390362986002046e+01,-1.988596777723937592e+01,-3.068389317203017086e+01,-3.230006014235456746e+01,-2.695290405461511440e+01,-1.944013739762854343e+01,-1.774418580063981921e+01,-1.680658302953345640e+01,-1.357650965116163277e+01,-1.035014313411320686e+01,-1.326979563101635406e+01,-1.612031285681408121e+01,-2.066299683204348625e+01,-2.144160978233814774e+01,-1.962407880723450404e+01,-1.917565211442992990e+01,-2.233641938232874224e+01,-2.349413248074559846e+01,-1.788905072202771152e+01,-1.295238420164617210e+01,-1.191387837891866397e+01,-1.242112092095969800e+01,-2.239050588895143079e+00,1.236307262169714782e+01,1.539124767207634292e+01,1.841793632164067773e+01,1.872844133969454816e+01,1.793181412221361626e+01,2.177795199809434123e+01,2.672202342064311509e+01,2.724420335014830741e+01,2.091156883032850544e+01,2.160331161420462820e+01,2.232574127901690275e+01,2.190701375262382200e+01,1.894658049703466318e+01,2.005332598745340178e+01,2.050122634433943958e+01,1.869458076765853960e+01,1.890453373456993091e+01,2.268944564342322323e+01,2.637131128955585169e+01,2.629767603867908221e+01,2.971032625223949708e+01,2.951037730104282275e+01,2.416325165006017883e+01,1.263078984357728451e+01,2.399268117349056872e+00,4.826169594624101222e+00,1.150504131338318103e+01,5.799054953435847537e+00,-3.195985074390605973e+00,1.230361298886528232e+00,9.736024930716938641e+00,5.457403053974968721e+00,-3.779961726501640529e-01,-4.632980817693665543e+00,-7.286489184389616014e+00,-4.132787276468018689e+00,-4.253466526258517177e+00,-3.373747398273446052e+00,-3.514800182224393055e+00,-3.604182703489206219e+00,-6.993729436142700706e+00,-1.255590281274555764e+01,-1.533262354385268367e+01,-1.913464620488065648e+01,-2.227392079327819019e+01,-1.958751325224654849e+01,-1.239048907984970427e+01,-1.382533412675263307e+01,-1.266647449930393066e+01,-7.430335768989625223e+00,-5.573225903315963237e+00,-4.473940078538822362e+00,-6.000622472574869803e+00,-6.958106632536445346e+00,-8.000031842331715382e+00,-6.974854811378634167e+00,-6.347418484895829494e+00,-3.375528416289759193e+00,-3.240408617678202319e+00,-2.391314288342265115e+00,-5.211709296591749307e+00,-7.916099235855634575e+00,-1.220565396683713644e+01,-1.099091597261093156e+01,-3.952910836070818945e+00,-6.515120757882714386e+00,-8.422662327687557848e+00,-8.896572929838201915e+00,-1.805527352655620632e+01,-2.438485039150053169e+01,-2.108761417187027831e+01,-2.270086600717274550e+01,-1.713364150093638472e+01,-1.262845965092100187e+01,-8.638227861972591626e+00,-4.052949089746864075e+00,-3.841818061193986722e+00,-6.948161898221563604e+00,-4.798468467069872290e+00,-7.239141989199559646e+00,-1.303323553207058438e+01,-1.543534174818665150e+01,-1.172887191545795460e+01,-8.960866998101408853e+00,-9.804919328591537919e+00,-1.011189493758354807e+01,-7.211018063741885697e+00,-1.166481590057011886e+01,-1.534553557299306448e+01,-1.375340939095702453e+01,-1.615285902272306018e+01,-1.726445038954598488e+01,-1.764549755957715149e+01,-1.605349941008057613e+01,-1.311940766603930442e+01,-1.627521008938104785e+01,-1.864608337865119836e+01,-1.882117264469842155e+01,-1.898228767377894854e+01,-2.014356380705880412e+01,-2.085808011646178528e+01,-1.903727678962544090e+01,-2.084983806043441135e+01,-1.778353331237446611e+01,-1.589756304617072757e+01,-2.204839811806068894e+01,-2.494537346272302614e+01,-1.278274163124811125e+01,-9.930326073822374866e+00,-1.175800037168692569e+01,-9.366588768093182082e+00,-9.702801135181241321e+00,-1.593374383236577430e+01,-2.231380944606850392e+01,-2.510445588417119467e+01,-2.573627454078581778e+01,-2.803482747598665625e+01,-2.669866850565915328e+01,-2.067603849846620889e+01,-2.098855866374514534e+01,-2.097522716856639491e+01,-2.195143428260941576e+01,-2.601628512847813468e+01,-1.904487109148596602e+01,-1.471657163214765518e+01,-1.646383805700675396e+01,-1.503283130267334755e+01,-1.502841032060731408e+01,-1.840273913631490998e+01,-2.209241328627661360e+01,-2.171961351700219467e+01,-1.685444351978660649e+01,-1.142766091254311434e+01,-1.201377900799886334e+01,-1.549292549185550527e+01,-2.327820955966834404e+01,-2.719280389396187658e+01,-2.353275265363300406e+01,-2.288823734452841308e+01,-2.442036251694821303e+01,-2.553137508631888508e+01,-2.244378167485838915e+01,-2.051524458730934697e+01,-1.580791857729138883e+01,-7.499555682377449628e+00,-8.398019919659216459e-02,-3.875488204589193630e-01,-5.638267379958337600e+00,-6.710718343875695879e+00,3.326566563210053395e+00,4.295896600786174302e-01,-8.503441708361673124e-01,1.159700929831060989e+00,3.372851509412313042e+00,4.014245675564579230e+00,4.687228945100094357e+00,4.925189494516582833e+00,2.289600597627031942e+00,-5.967790058796827779e+00,-1.097948305372932154e+01,-1.358892066277962485e+01,-1.317156186150798192e+01,-1.079690324613775232e+01,-8.541017528816425397e+00,-5.645346887711626849e+00,-1.132913445938066843e+01,-1.176397068079360686e+01,-1.541258407971985456e+01,-1.883978889666056489e+01,-1.731553181886792458e+01,-1.305531083309202423e+01,-1.345530216974054660e+01,-1.150986491723802274e+01,-1.229239669558577575e+01,-1.403329848988022555e+01,-8.816749013331939722e+00,-8.980767280761279281e+00,-8.471708249532438728e+00,-8.356888895701692022e+00,-7.321092236077342719e+00,-8.462931122351410096e+00,-9.762706389243769323e+00,-9.230230538157361053e+00,-7.747979788347356234e+00,-9.045723031904323364e+00,-1.440774128122276565e+01,-1.479267088811090147e+01,-1.392116563581528865e+01,-1.231208509035992194e+01,-1.268601645575351711e+01,-1.320632730510761377e+01,-1.071033337862203183e+01,-5.349806798940502262e+00,-7.836948745182661824e+00,-7.804216663438449331e+00,-6.723050441031947599e+00,-2.348832181888147908e+00,-6.186396960208661255e+00,-6.284316759233622207e+00,-7.886761273192270494e+00,-5.544734046153756424e+00,-1.822858747149204817e+00,-1.367839600569252134e+00,-9.210290492891904934e-01,-8.660798096806737734e-01,1.258488123858612973e+00,1.098292641889993426e+00,6.450707513920654002e+00,4.134536342749676407e+00,1.124925633816535431e+00,3.710698297463840056e+00,7.000626933347820824e+00,8.192672782476307702e+00,7.107323282957496602e+00,7.312608905995491071e+00,5.182113326840331879e+00,4.396439524557111511e+00,4.945051430586260288e+00,-1.744404181942467602e+00,-6.827551567744590599e+00,-8.230003932234842168e+00,-1.382906684297044109e+00,2.524653349061119378e+00,-2.531721364194357449e+00,-5.635350296308747176e+00,-2.743042056056568256e+00,-1.444875812698139583e+00,-1.391938480466633266e+00,-1.725524242549619558e+00,7.657933971722366451e+00,1.776507939614847587e+01,1.586190950485274342e+01,2.288920149469348431e+01,2.745352431291467710e+01,1.991134427178510435e+01,1.907190481297194395e+01,2.215523644431664607e+01,2.594725544856721200e+01,1.970026019265496231e+01,1.107942384710357864e+01,8.946649791941275964e+00,1.210908399579059314e+01,1.546768168732201865e+01,1.777422507014283681e+01,1.352896392530493230e+01,6.084968967145985452e+00,-3.014742749283307877e+00,-4.332391287682558989e+00,-8.244321542921637658e+00,-4.379701984468958864e-01,6.208437972204409405e+00,7.957275585191775136e+00,1.135375656253240351e+01,1.179529794257248199e+01,1.032817234774986304e+01,6.910768851466075446e+00,3.797174945840290583e+00,-3.061999780769803170e+00,4.047060381110715532e+00,1.130838961717499647e+00,3.327944560499997539e+00,5.713569010155874928e+00,6.890467786269797834e+00,1.009395973103571720e+01,1.328374873502447429e+01,1.421863112736891033e+01,1.738436833755402944e+01,1.567246944886961479e+01,8.421709813318566162e+00,3.731200393943298721e+00,5.537560128717846197e+00,1.195040477965864234e+01,1.097125849186659430e+01,1.061404988476141575e+01,8.878612055174205153e+00,1.346277161572727366e+01,1.673249708054506613e+01,1.542439257597876789e+01,7.454369490787058794e+00,1.006158081747229183e+01,1.152426390766838082e+01,5.293207265873863143e+00,5.884614074255440030e+00,1.224969733371821334e+01,1.151316388711471816e+01,1.620907982583670304e+01,1.783414865327729260e+01,1.339132611522981797e+01,1.141551085900784379e+01,1.100646349451852934e+01,1.404464711207455885e+01,1.432236630712239567e+01,1.244975260555090557e+01,4.720577540560442209e+00,5.045521285523141053e+00,-1.595343536961967956e+00,3.708970854829328756e-01,4.882703408791106980e+00,5.738347427987368299e+00,6.899477155886144963e+00,7.470566049311026191e+00,1.023805138257769265e+01,8.669251897201302626e+00,1.558356385977265823e+01,1.682870540855568464e+01,1.506243539920589569e+01,1.441869037371980511e+01,1.056096478058930543e+01,1.341721489181975713e+01,1.983879595340219026e+01,1.769847385827394959e+01,9.428076366104791717e+00,-3.033776303496597548e-01,9.063596471993990988e+00,1.936659438411552614e+01,1.852503026425581822e+01,8.590302655890290850e+00,1.462109616903598308e+01,2.416067582060016505e+01,2.603678493061934063e+01,2.772290042369862562e+01,2.977456010172620893e+01,2.950994809983804501e+01,2.864806524017992828e+01,1.193580950835523602e+01,8.352788554785098185e+00,1.549482205375970523e+01,1.241681849959118900e+01,1.244679739401797036e+01,1.166411576415542584e+01,1.091030930706488000e+01,1.131830093957365513e+01,1.512264886178934198e+01,1.659837957356326754e+01,1.377077787248125951e+01,7.433496318681751980e+00,3.721645203182651240e+00,5.760971249685105100e-01,4.877214844282384831e+00,6.148320854047191197e+00,6.938564616354374603e-01,-2.484695253684849447e+00,-1.870930205183288120e+00,9.055348354805893563e-02,1.947412216844409016e+00,-3.308947369775648295e-01,-1.630614398853002245e-01,2.991864737370570904e-01,1.648593710331478779e-01,6.446531361592977571e-01,-3.768825838167136899e-01,-1.797195031376519925e+00,5.248960411613460941e+00,5.129242227877301552e+00,-2.841487574146749351e-01,2.612954379160044915e+00,-6.554575308406608292e-01,-2.181101679671074933e+00,-6.187116570600304399e+00,-2.921282990148437619e+00,-3.537785960863462975e+00,-1.533907796830888515e+00,-5.655820213518754969e+00,-6.431547914181157122e-01,-3.469490147526191226e+00,-9.071407017162428588e+00,-9.940270973936970123e+00,-1.003355759729798180e+01,-1.058913323703504616e+01,-7.811539534534889029e+00,-8.886265367971258655e+00,-1.353128954035127762e+01,-8.025792458844346555e+00,-4.850918131602673711e+00,-8.848459966648304587e+00,-1.272520307691039321e+01,-1.070529493509938135e+01,-1.241974298791291531e+01,-1.086291215761449180e+01,-1.699201941498230894e+01,-2.430340637236990986e+01,-2.727311974208702239e+01,-2.616687068264204896e+01,-1.992788553766565229e+01,-1.997284978177055237e+01,-1.886602949848109745e+01,-2.794282565609949742e+01,-2.986386700637161695e+01,-3.040037763216224320e+01,-3.060562940152124511e+01,-3.056070189094672074e+01,-2.874127294111329789e+01,-2.984432226269697352e+01,-3.131534204161630086e+01,-3.204461660784074439e+01,-3.142328319631386435e+01,-3.342841268032059077e+01,-3.816142626225884271e+01,-3.523868314557083892e+01,-3.398861224400194203e+01,-3.202450730693060166e+01,-3.018729094690042203e+01,-3.737992441744803074e+01,-3.233171597664994579e+01,-2.982081412561120359e+01,-2.979406793317363267e+01,-3.161132950355746729e+01,-2.514885468455343087e+01,-2.318190653523237188e+01,-2.586360087336337799e+01,-2.669736138197691488e+01,-2.561706221624307744e+01,-2.939161895264839686e+01,-2.769594203615334393e+01,-2.210102063978566633e+01,-1.557938080249805068e+01,-1.171778823845199469e+01,-1.084614730707737174e+00,1.674363591540187768e-01,-8.301132840984292161e-01,-5.959540709915138734e+00,-8.729936286155879799e+00,-5.307462680408217892e+00,-4.142642524708961105e+00,-8.185003631625001219e+00,-6.692124649554752835e+00,-1.848107393609696558e+00,2.955010628048281518e+00,-8.060356145452410859e-01,-1.589681783445191954e+00,8.918609767061232985e-01,5.687666893405672219e+00,3.605889919533237231e-01,-4.037084316584903521e-01,4.876152162767470877e+00,4.754785710416135736e+00,-3.375223071820451892e+00,3.173653795300283686e+00,9.659965305229150090e+00,1.086595670124017232e+01,8.419388555564616183e+00,7.457962656689573144e+00,9.827919326482909668e+00,9.971977933491068313e+00,1.429147847589396747e+01,1.650996738040889511e+01,1.319828286399037864e+01,7.163107263151314186e+00,1.736548454571552824e+00,7.259381214695210360e+00,7.750612673776765327e+00,2.313722600664010365e+00,4.290533434858599726e+00,3.874474801946843350e+00,9.564012289560125391e-01,1.268032527441746327e+00,-4.941309058995707382e+00,-4.165352158594681775e+00,-4.503893043925828898e+00,-4.076758936685687118e+00,1.608991988337180823e+00,3.392736291255260550e+00,-5.823349901697626452e-01,-1.264743234266432914e+01,-1.577369665630086182e+01,-1.539422223335889583e+01,-4.558180209724821630e+00,-5.190533711955554352e+00,-3.226681204920910151e+00,1.201220509131666114e+00,3.203659510970479074e-01,-7.965261235346928759e-01,-3.197805178378400282e+00,-2.674327436849917028e+00,-9.455637600245929697e-01,3.380183365232480863e+00,3.890172706806386049e+00,-3.382671108217834011e-01,-1.645350949359535520e+00,-5.488214410718806890e-01,-1.160060475447254547e+00,-1.184824275960758122e+00,-4.060295972934976350e-01,-2.490584960142342652e+00,-2.090453912104723422e+00,3.768176566135029715e-01,-3.145995724559043083e+00,2.495276605399273873e+00,7.909638368397224006e+00,7.346361634511425542e+00,4.595180019324520693e+00,7.412085985199993843e+00,1.148507980766778402e+00,-5.536426499904097298e+00,-4.982781542258595486e+00,1.557102890788981897e+00,2.836435451727967294e+00,3.676011833281566665e-01,-6.082467833433247151e+00,-7.740305741339596146e+00,-2.379746458563036793e+00,-5.119730234695456517e+00,-1.796523168453997954e+01,-1.727690161094041343e+01,-1.333685940835192163e+01,-9.207418130339160456e+00,-4.076118510402172213e+00,-6.086824868423137413e-01,4.868527194655094092e+00,5.942811694766573893e+00,1.308159079002015446e+00,1.350543649279167813e+00,3.540571415695439761e+00,8.395341510319955347e+00,1.774402305653994150e+00,-7.781366781573509250e+00,-5.214128887163621551e-01,-3.283220438731944579e+00,-7.195008408167108627e+00,-7.061917569309189346e+00,-2.147684858020225684e-01,-2.189012554244733066e-01,6.042026448760206003e-01,-1.304008886861292904e+00,-5.129625296700114134e+00,-4.728485989165699621e+00,-6.234346183761245719e+00,-7.065768997705000665e+00,-2.190800327766074140e+00,2.298348473257187941e+00,3.509666072992807972e+00,4.834608498358808681e+00,6.121617968046359159e+00,3.686264131606570515e+00,3.447276131535165877e+00,4.528922385564796649e+00,2.164151960445791223e-01,1.323517394259177804e+00,2.624415986929396372e+00,-1.613252414723364767e-02,-2.228802030351589636e+00,-5.215315024119107079e+00,-1.291136583498964541e+01,-1.483513057472885421e+01,-1.450648560641355722e+01,-1.558518959555970262e+01,-1.550069454288488657e+01,-1.996103736593246936e+01,-1.788941125506094565e+01,-1.217232271027250157e+01
-2.276115364110001593e+00,-4.904723007157127945e+00,-5.478904123022851458e+00,-8.679353179683552355e+00,-1.001471924727236384e+01,-8.187467247610522136e+00,-7.490662491167025649e+00,-7.101674323212157525e+00,2.753365992649238425e+00,8.792410224292796173e+00,9.197989313354222318e+00,1.475638850573127936e+00,2.139668324009736944e-01,8.965535082182324311e-01,-2.031473661547312126e+00,-1.277240359037711048e+00,-1.419893293915242882e+00,-5.411584340851234742e+00,1.174157224310396597e+00,9.866568741793068753e+00,8.830037590844709072e+00,7.440206034391320111e-01,-6.504460396670241451e+00,-1.705640541806986477e+01,-1.751955939786057215e+01,-1.146340847750291125e+01,-1.554306349749188954e+01,-2.047293586912831032e+01,-1.529605971924069863e+01,-1.322505742043609800e+01,-1.418526862926905174e+01,-1.465295263963813177e+01,-1.528462061402538374e+01,-2.001188453120238364e+01,-2.058429276437526312e+01,-1.725937369095325380e+01,-1.336207377035908905e+01,-1.361885775353340122e+01,-1.923734022284318357e+01,-2.291836989140858805e+01,-2.322906824708785578e+01,-2.005464799580590096e+01,-2.194792091937265255e+01,-2.178533522163952085e+01,-1.658474482735290323e+01,-1.837079509181128500e+01,-1.876822695781995520e+01,-1.778209753465595000e+01,-1.701527853833450266e+01,-1.398226097950863966e+01,-1.356026679429367832e+01,-1.282488105766051056e+01,-1.652550443117277723e+01,-1.744865536809320616e+01,-1.751473269168496927e+01,-2.031775468770182513e+01,-2.202554710214641176e+01,-2.214102995609119162e+01,-1.598444410742269106e+01,-1.237766197014834724e+01,-1.210875450781833251e+01,-1.028254810385708495e+01,-7.724772023792215947e+00,-6.434539355976439445e+00,-1.011038070751251361e+01,-9.551897866084180677e+00,2.964913252631761267e-02,3.480818583335829164e+00,1.151195791682314074e+01,2.127977091753801631e+01,2.422988449493720609e+01,2.056053987292123253e+01,1.995127424898496216e+01,2.126555441364409305e+01,1.945000517902107262e+01,1.689239282728374647e+01,8.668862073883152775e+00,1.909944136012093008e+00,-5.118217415849613872e+00,-6.042741391348537050e+00,-3.643102553937684007e+00,-4.179697160175680715e+00,-3.430161033321342146e+00,-3.406662386615145977e+00,-1.916092796692486777e-01,1.642365146525621267e+00,-6.532779089204469036e-01,-2.262340635559616953e+00,-2.942199673589565023e+00,-3.803003229757319748e+00,-8.012927527082727153e+00,-9.280986104659005420e+00,-9.574310899566883748e+00,-1.056665618045510691e+01,-1.092631223693612341e+01,-1.308547596088471465e+01,-1.053095687622519350e+01,-1.051421715728161388e+01,-1.172890289715390999e+01,-1.330392500589516480e+01,-1.174059095693709054e+01,-1.063205789121002098e+01,-1.098556976509067695e+01,-7.500771010740058919e+00,-3.158343514534014851e+00,-1.152200889720182975e+00,-3.340087821336162222e+00,-4.819667123913642826e+00,-3.412001153271676301e+00,-1.169143883046053656e+00,-3.063571758811849843e+00,-1.265893228588923058e+01,-2.179131497171629661e+01,-2.636330548112029604e+01,-2.708095824552878739e+01,-2.489276734237374100e+01,-2.640886686139256412e+01,-2.340715633767692694e+01,-1.861481948195013914e+01,-1.563266216778225015e+01,-1.235608762178456388e+01,-1.304280528841165676e+01,-1.096490467851819517e+01,-7.359945403690257848e+00,-9.869227457279929894e+00,-1.339687236571861639e+01,-1.010379452971037040e+01,-1.443697256110092475e+01,-1.603670815874834688e+01,-1.591446138023287915e+01,-1.534159773124778603e+01,-1.519286594501600263e+01,-1.031365911020160908e+01,3.058562188579703633e+00,1.318772867799559201e+01,2.181745848955886302e+01,2.080024565864222197e+01,1.701335560642107581e+01,1.270979903148716694e+01,1.757360785090975952e+01,2.805207836205023497e+01,3.075068074407847618e+01,3.508654520714907221e+01,3.824549913739024021e+01,4.385037576104419088e+01,3.781493485040586933e+01,2.126376325252749666e+01,1.276982623789898419e+01,1.670188247273881643e+01,2.544459542190150003e+01,3.266670984327227956e+01,3.066499513589879555e+01,2.779004505724996577e+01,3.087342776398290667e+01,3.433496730741730119e+01,3.632733675084107716e+01,2.556157446184734638e+01,1.338848774889303250e+01,1.311449610615777850e+01,1.087980640093575779e+01,1.214789016367975627e+01,7.328036849562846733e+00,1.164509619431419729e+01,1.593639839664841240e+01,1.771507345434041270e+01,1.010958872578894052e+01,4.868330663872250774e+00,1.067106684664365535e+00,1.352071615542028704e-01,-4.819648790677601546e+00,-1.253366917580676532e+00,2.332362051611107656e+00,4.121138438129468007e+00,5.550097956434545843e+00,4.972319847799076875e+00,-7.357630574813999180e-01,-2.795261959157475218e+00,-3.314866371206245166e+00,-5.216245358873512039e+00,-8.447409919638706910e+00,-1.846161734766937812e+01,-2.338664504028437463e+01,-2.578835670785385759e+01,-2.471372560593224321e+01,-2.109267923640857489e+01,-1.853006055106898131e+01,-1.869371312851634670e+01,-1.462549509834482109e+01,-1.550863192386935197e+01,-1.760043879930269028e+01,-1.811184442984608012e+01,-1.552058676476125854e+01,-1.469491541835983739e+01,-1.796150016969190588e+01,-1.661080121667850662e+01,-1.748949117814709808e+01,-2.166186133963590521e+01,-2.139424212644136247e+01,-1.474446045940144323e+01,-1.517168408952869818e+01,-1.590840787737125339e+01,-1.800578066788822795e+01,-1.894117633181128113e+01,-1.356663159503281868e+01,-8.578234563512834754e+00,-1.005801632822522684e+01,-9.742707592393701432e+00,-6.855032578253061892e+00,-5.304611592705239964e+00,-2.520231736403863554e+00,-4.263365838016205167e+00,-5.121900963860201550e+00,-7.096761108595517342e+00,-1.283760654016304592e+01,-1.270490504303231027e+01,-1.346782507657600014e+01,-1.344205601371421466e+01,-1.371920797635511491e+01,-1.842980867332797601e+01,-1.787769620299516760e+01,-1.512475899017941394e+01,-1.697931495364894516e+01,-2.073250651846116099e+01,-2.081121616888604464e+01,-1.758550261812365534e+01,-2.193176820675290983e+01,-2.368018856063565636e+01,-2.193505103353420438e+01,-2.151495330718157462e+01,-2.187351349317490801e+01,-2.456903043044767188e+01,-2.634045223270058500e+01,-2.768875592880685943e+01,-2.148059004065794753e+01,-2.228258947173717175e+01,-2.840848151016400536e+01,-2.784469871306510669e+01,-2.602960431280940412e+01,-2.960412440170574300e+01,-3.165647550552636957e+01,-2.449635197127631514e+01,-1.695293515229846548e+01,-1.607191400223451794e+01,-1.789771170030576286e+01,-1.556307460233974993e+01,-2.058433196827579081e+01,-2.660012633550007521e+01,-2.801615721520980884e+01,-2.921323807925033478e+01,-2.913136775025574110e+01,-2.970376724305507210e+01,-2.983504602052376597e+01,-3.091953970092374604e+01,-3.322949003251221711e+01,-3.268125385019779827e+01,-3.346836989020761166e+01,-3.031446750922065903e+01,-2.379280269255707481e+01,-2.546393890159207984e+01,-2.438866990033299942e+01,-2.805667872783191896e+01,-3.075369031947073850e+01,-2.306480486561189380e+01,-2.726066886074281470e+01,-2.966286240347159264e+01,-2.627419824493161471e+01,-2.798699833757355293e+01,-2.230474357068933955e+01,-2.165387771745756851e+01,-2.879274820515798083e+01,-3.159893959568484689e+01,-2.964493759933964512e+01,-3.256373493725421042e+01,-3.291101224494764210e+01,-3.232531165681891139e+01,-3.335723206796878770e+01,-3.148998006802413485e+01,-2.342835195269409709e+01,-1.466991846862160287e+01,-1.258862958621017647e+01,-1.466901001870766663e+01,-1.337561530037487678e+01,-1.075487330866623736e+01,-9.637320719569929750e+00,-6.901421268795397523e+00,-8.481292924441744319e+00,-1.379743228237543029e+01,-1.312584703579483403e+01,-1.295529884742455451e+01,-6.780495336316864297e+00,5.622872653206846927e+00,-3.763032807662631818e+00,-1.702040287345255720e+01,-1.912202976520223530e+01,-1.958887376346024922e+01,-1.895735348338093118e+01,-2.161878641926084654e+01,-2.161601113802476704e+01,-1.866841433004046635e+01,-1.660592870341097083e+01,-1.600604025665264274e+01,-1.762291432558941295e+01,-1.941001784801617802e+01,-1.614686086594518599e+01,-1.499819532010561929e+01,-1.390401876586266106e+01,-1.588753092875435691e+01,-2.051189712728002590e+01,-1.199649717103370072e+01,-9.815737379307430288e+00,-1.534416747440762130e+01,-1.556145353692461164e+01,-1.342698607698761215e+01,-1.074212402570129576e+01,-6.476094079628095024e+00,-4.107326672620795982e+00,-1.035782862078698585e+01,-1.120143691679911591e+01,-1.242850635677410764e+01,-9.268754156075262429e+00,-1.325593082211519480e+01,-1.212257061194997831e+01,-1.309835186813244334e+01,-1.190475930646590008e+01,-1.285723807516327710e+01,-1.179398141013683343e+01,-8.357318357151202193e+00,-4.847200545812860639e+00,-7.257167708655517302e+00,-6.914772988461490577e+00,-6.307179072421688737e+00,-7.709311095141749837e-01,-4.545984791635499178e+00,-9.938293824246436259e+00,-7.862707878070124501e+00,-1.717231667266525985e+00,1.135528877999424591e+00,-7.516416789490263817e+00,-5.482035289945996759e+00,-1.999318726893323461e+00,-6.120200950773261317e-01,-9.271781938705968562e-01,-8.878536211101323294e-01,2.022657148594702914e+00,-2.213897904707929840e-02,-1.217517744472326857e+00,-2.158299264193267453e-01,-6.156324817230508506e-01,-2.386444432672565341e+00,1.294381247291118253e+00,6.568393159042474672e+00,-3.090768923856407557e+00,-1.253135362516903228e+01,-1.564100541866032934e+01,-1.073776979947060894e+01,2.053492079951761529e+00,2.377689977574833913e-01,-5.136614049765537260e+00,-2.380852814601795320e+00,-2.251022221154064251e+00,-5.404810198934612231e+00,-1.103116006603725907e+01,-8.322593353175864905e+00,-2.867330809162713656e+00,-6.170350013119464627e+00,2.433731754754939747e+00,1.230245758430371872e+01,9.308660893683233795e+00,9.722896181554116168e+00,1.269607646997442885e+01,1.246211622640523053e+01,1.062874353721746878e+01,7.291502663205133850e+00,6.935394221072808563e+00,6.672632504625084948e+00,3.343396081421971644e+00,2.916372871773913023e+00,5.697470931032306396e+00,6.171016037827745215e+00,1.157020755923814148e+00,-4.862756087556990181e+00,-8.234516800080925236e+00,6.527505397513736263e+00,1.226562238450869025e+01,1.157404316956972856e+01,1.391849772669173824e+01,1.468074800333556595e+01,1.141419729034485187e+01,8.998135708688110412e+00,4.693830140765735237e+00,5.229721304128787551e+00,5.123154707766563121e+00,2.792216313498803171e+00,-1.007257801872598613e+00,2.553269855520607923e-01,4.689551765473288780e-01,-7.953687816087090523e-01,2.262811026661880387e+00,4.959531844633418451e+00,4.309255090018777601e+00,5.309443284608246216e+00,1.366264871631740707e+00,-6.943638906272203926e+00,-1.188044075467141170e+01,-1.274297261588732511e+01,-9.925508269426110530e+00,-4.545274492364265839e+00,-1.050438406137581637e+01,-8.744874626190563660e+00,-9.797708698408381878e+00,-7.194732223299534546e+00,-1.390613347940499622e+01,-1.088524305497102773e+01,-7.685191962786738884e+00,-6.025226445517160911e+00,-4.625894059814686265e+00,-9.514348424551394956e+00,-1.310186278035292062e+01,-1.104504039430975482e+01,-1.015765644681689395e+01,-1.106439392745196670e+01,-1.042641572946829776e+01,-5.940204786745165499e+00,-4.485286681768190675e+00,-7.820393272674773577e+00,-7.198307847366147705e+00,-1.360089557081523459e+01,-1.627295057537856593e+01,-2.185807914942090591e+01,-1.860110482827957412e+01,-2.166969354026106132e+01,-2.329488069606385281e+01,-2.170590433011479448e+01,-1.962817108428668433e+01,-1.648094004917611244e+01,-3.802176367973951532e+00,7.840967104270196053e+00,1.118663331219567247e+01,1.075390757085391336e+01,4.772917411074599769e+00,3.648807405946402072e-01,-2.816794153966931002e+00,-1.577037433436783154e+00,4.184605442182347534e-01,-2.145762427049775045e+00,-6.163973446973847636e+00,-2.973116932761119102e+00,1.301893088897339901e+01,1.363256222213586888e+01,8.687044424048629310e+00,6.723434949167962138e+00,8.027088885553245845e+00,7.454732776864445576e+00,7.916101992982322422e+00,7.131990275652412059e+00,6.710190571131335879e+00,9.139441614064432784e+00,4.127626548769245396e+00,1.445282361594388831e+00,4.680611255263511516e+00,1.075330401270657932e+00,-7.760214497883040963e+00,-1.356128857254412878e+01,-1.068147989395304442e+01,-8.770656240522782809e+00,-7.551719244391272845e+00,-9.577652430021664998e+00,-8.060952597925815866e+00,-1.251556099780048825e+01,-1.065943536727109375e+01,-1.399013046155028128e+01,-1.703054082372523226e+01,-1.707645213081406510e+01,-1.560653497763519404e+01,-1.441542074132060058e+01,-2.025418993661807932e+01,-2.051158701236741422e+01,-1.843953192194874546e+01,-1.794721186063503282e+01,-1.949695705915067379e+01,-2.077576107226154534e+01,-2.243786248780418191e+01,-2.384591444844812003e+01,-2.379626436016072688e+01,-1.578980209750002572e+01,-3.532836187267981654e+00,-6.616464711198972282e+00,-1.481737178370132568e+01,-1.609801526814991135e+01,-1.523251930869564141e+01,-1.031981879354819931e+01,-1.442832543813942259e+01,-1.718543202073480458e+01,-1.524086925504568590e+01,-1.022107807931337398e+01,-1.634403607256815505e+01,-1.665569186920577138e+01,-1.693655664153310170e+01,-1.366052467671278414e+01,-1.873647961780617166e+01,-2.261208479084767831e+01,-2.565032838029162576e+01,-2.112471382713380308e+01,-2.093356703753731907e+01,-2.503755737424956962e+01,-2.057361555518200191e+01,-1.137965192975316775e+01,-1.735630261145237085e+01,-2.361880881509789276e+01,-2.677853798119936712e+01,-2.878063865054063086e+01,-2.438129279784369885e+01,-2.247498266834759306e+01,-2.291693373425784586e+01,-2.132089995842286356e+01,-1.953753098090911422e+01,-1.545965985311513968e+01,-1.763578944409929150e+01,-1.991404324961115080e+01,-1.970851844431637900e+01,-2.284687670541795868e+01,-2.134410246651736642e+01,-1.787931780692839823e+01,-1.779485097839142682e+01,-1.669004050877685685e+01,-1.408321171538776007e+01,-1.116120723318742947e+01,-1.054784573152232596e+01,-1.167465195890630447e+01,-1.657930210632034473e+01,-1.494142806036588134e+01,-1.762306659932557196e+01,-1.901624062322860098e+01,-1.628294696984598389e+01,-1.892606218861791945e+01,-2.037624760345732966e+01,-2.255259538935034769e+01,-2.138219044431184201e+01,-2.546166024983696019e+01,-2.197065189328437995e+01,-2.304608559032991266e+01,-2.962652073638592753e+01,-3.520972587993319536e+01,-3.070613600163147439e+01,-2.211872084012837192e+01,-2.330657026333044968e+01,-2.103812655979004731e+01,-1.990285276850602969e+01,-1.389864335115047389e+01,-1.124178913408600522e+01,-8.665407778481798218e+00,-8.425464610619913586e+00,-5.064600608375354973e+00,-5.331662441998102686e+00,-9.122949286287795445e+00,-1.305219018334703129e+01,-1.778452823200417399e+01,-2.349441129465336431e+01,-2.002663976927502887e+01,-1.504828480133331858e+01,-1.354631436102409836e+01,-1.285233313916504372e+01,-8.933150482411742033e+00,-9.615440273143663674e+00,-9.896573304992083209e+00,-3.296176173447332935e+00,-4.641905300883172991e+00,-1.042546077825957873e+01,-1.279047987187455959e+01,-1.046450003234675030e+01,-6.725112895583500006e+00,-1.147702233783181214e+01,-1.081355752634472012e+01,-8.125937783783829360e+00,-9.133586108751238442e+00,-1.430000778964928010e+01,-1.429470235513288223e+01,-1.127575235938527420e+01,-1.145538228541313686e+01,-1.437039729131135246e+01,-1.763341703093316681e+01,-1.341665982590937034e+01,-1.113286154147090379e+01,-1.184427685589359314e+01,-9.602085991317311553e+00,-1.028644616407047785e+01,-1.065072475052015477e+01,-1.480628345141554014e+01,-1.647063657751745325e+01,-1.302663367882024126e+01,-1.514781750880123212e+01,-1.633550222163670895e+01,-4.760931037097462237e+00,1.050496088449042187e+00,1.272884322520072775e+00,-5.440584609398532834e+00,-8.194309982827533645e+00,-1.451808915358522611e+01,-1.628666604901536985e+01,-1.197905887596457220e+01,-1.442134853632228975e+01,-2.423520541800121464e+01,-2.908639161273292117e+01,-2.645036618877532320e+01,-2.371665528366590436e+01,-2.279744369216123800e+01,-2.263469677468040686e+01,-2.264167491081965622e+01,-2.357761533885787841e+01,-2.286389285201797961e+01,-2.149156934286702025e+01,-1.814902928050134534e+01,-2.101833846181166621e+01,-2.170713335509174868e+01,-1.267296907709377862e+01,-8.093675304983312557e+00,-9.184204674726386131e+00,-8.988910620567253318e+00,-1.380490638007917248e+01,-1.649136119974390269e+01,-2.255795317452761495e+01,-2.409829141153046450e+01,-2.243346576505553358e+01,-2.515836631456587114e+01,-2.724853698933294410e+01,-3.277798362008893918e+01,-2.640476798859947394e+01,-3.226646535816374950e+01,-3.275539838607507193e+01,-3.073678495533214772e+01,-3.531105526540599016e+01,-4.275082591397504927e+01,-4.349949068292072241e+01,-3.823636432942322472e+01,-3.456220844402798775e+01,-3.518326632966576994e+01,-3.510874667118240922e+01,-3.306710402082369882e+01,-3.341091634377416852e+01,-2.637991939645464612e+01,-8.450897020058787845e+00,2.725009847016138576e+00,-2.175224218720338332e+00,-7.584868188529545030e+00,-1.491344262323976722e+01,-2.033644720130220662e+01,-2.711614858188923805e+01,-2.376483323340945475e+01,-2.701835274838131440e+01,-2.002975968565406362e+01,-2.377825022990833759e+01,-2.642436696684019637e+01,-2.784702614272179133e+01,-2.657259466144968130e+01,-2.628974827209620813e+01,-2.663034603667534839e+01,-2.480521393993861423e+01,-2.699609230287160244e+01,-2.993817937915024174e+01,-3.001430243657539876e+01,-2.983442084246458137e+01,-2.777442355125419837e+01,-2.312161326651471072e+01,-2.304068385339933300e+01,-3.043831274459713754e+01,-3.532134652433867217e+01,-3.674935448024201179e+01,-3.490703193157393969e+01,-3.653566153108786807e+01,-3.906387963885119063e+01,-3.514951470707504200e+01,-3.415692634337839451e+01,-3.345053013274009857e+01,-3.187539992376628462e+01,-3.343602269911045966e+01,-2.905032585328056882e+01,-2.448034249625275649e+01,-2.252191622242586533e+01,-2.858676952731129361e+01,-2.747648887658249350e+01,-2.676367304571868289e+01,-2.539029016671929995e+01,-2.307555655607512080e+01
6.378746385192170187e+00,5.793543845681216276e+00,1.088524955112006865e+00,-4.928733589707186447e+00,-1.716048170577741283e+00,-5.541081620886405545e-01,-3.369664955549559693e+00,-5.602238405229378770e+00,2.353266110230039398e+00,1.062014972663985368e+01,1.165969072089609071e+01,6.830638042433652579e+00,1.383831037935884467e+01,1.680296606972832762e+01,1.719147676271928304e+01,1.679781294045589135e+01,1.619780216126625660e+01,1.332207289295124752e+01,1.851694629218470212e+01,2.578818157683288703e+01,2.231869072791129227e+01,1.069858998921543325e+01,3.583868286224889399e+00,-5.553208023452480546e-01,-2.354902730302688596e+00,-4.295136569558199113e+00,2.386524178290595710e+00,7.822550106643971546e+00,1.118567137230583519e+01,1.138474605237867543e+01,1.325634226848492148e+01,9.457838651243429595e+00,8.241988466316355399e+00,5.959412852607742117e+00,3.837693905548932083e+00,1.631243486248311836e+00,-3.434187690647796387e-01,-1.098278014595901908e+00,1.394871178603056094e+00,5.928973387363813963e+00,1.115153136935760436e+01,1.182294362834553958e+01,4.368040522658978020e+00,2.998287554587050874e+00,3.939054109441057161e+00,3.322427190678336029e+00,6.669067582750794365e+00,1.209774157806048578e+01,1.122232582386001098e+01,1.077524142808729657e+01,8.370499644505184023e+00,5.858578423836825699e+00,3.011586130801078287e+00,1.347202063818903284e+00,-8.428784252675569633e-02,-2.183089119059473227e+00,4.778645598093396174e-01,7.623960371933815594e-01,1.426306164610442906e+00,2.694835648214346957e+00,4.838292726041463432e+00,2.017483716989617815e+00,-1.285857755198433594e+00,4.119435423844563376e-02,-1.063510811184483984e+00,-7.003075509765281481e+00,-7.309514484940294210e+00,-5.071350660286148226e+00,-1.139102077980179040e+01,-1.699637711022332809e+01,-1.541634165427490721e+01,-1.510778290979201977e+01,-1.309749267385142879e+01,-1.095330136493848805e+01,-1.016227574610775441e+01,-7.853594178957971295e+00,-3.067016267398404494e+00,-9.508666989298477645e-01,1.028103010529594741e+00,-1.159715493438323364e+00,-5.059172095533980951e+00,-6.305121155373520025e+00,-5.873662359998482074e+00,-7.560237117992214095e+00,-8.645036650685193891e+00,-8.756514622290287875e+00,-1.333388506821863650e+01,-1.055990920816902978e+01,-8.744072407340356179e+00,-5.695361111896284356e+00,-7.034252299146086074e+00,-3.407832663737098144e+00,-9.690345292013269329e-01,-4.373947138730025941e+00,-5.333012395456750099e+00,-4.034520866042793585e+00,-9.988109825932971475e-01,-3.464788593986591891e-01,6.671117689496863790e-01,3.473217984503744749e+00,1.869244580898058672e+00,-1.074482288416068521e+00,1.762185662680808562e-01,1.235848886374005140e+00,1.263353983101609401e-01,-2.083016757483960646e+00,-6.085040348353819795e+00,-9.867710369584012042e+00,-1.138303782015353782e+01,-7.385912440010960367e+00,-6.320837935446512290e+00,-1.005624251769791577e+01,-2.714172494821267989e+00,2.659687225344014028e+00,4.203278054931397278e+00,7.239214581239806101e+00,7.141692561631779235e+00,4.859867430842723657e+00,4.311282383958629616e+00,7.614968264443072211e-03,-7.554726766606227883e-01,-1.484588727891067883e+00,-1.040976171126543726e+00,7.284519851993653816e-02,6.481974006275654787e-01,-3.405927275302543578e+00,-5.476732351089390605e+00,1.833164646424115141e+00,9.111234641889920383e+00,1.210814092147426280e+01,1.098657669339356602e+01,8.621309304713728139e+00,7.908111826028151548e+00,1.272115165919008994e+01,2.586181309860752719e+01,4.081762795639374986e+01,4.133107335310578634e+01,3.762741256318533090e+01,2.781828397403036846e+01,2.691950766773214454e+01,3.771614369669224942e+01,4.462358213371091864e+01,4.722364798731765489e+01,4.898950465238879559e+01,5.352772340997559297e+01,4.922640005170131872e+01,3.914495454353702542e+01,3.385143469302384744e+01,3.853740479270066999e+01,4.687280875634155564e+01,5.076674638086008429e+01,4.898063054213096734e+01,4.883908154452677053e+01,4.753627383857179467e+01,4.623968607012240994e+01,5.005730461582410129e+01,4.469690612563942267e+01,3.431271189494390228e+01,3.318245308794364234e+01,3.121549982821826674e+01,3.587990002195058992e+01,3.620856011636795557e+01,3.448117886738784676e+01,2.813952116248310986e+01,3.342578638990568862e+01,3.390767601406735565e+01,2.598166524112997777e+01,1.872551837255480933e+01,7.638989954766167934e+00,2.650567121804605630e+00,1.276855555941235920e+01,2.036078757969722020e+01,1.877090481604382788e+01,1.447571320523781679e+01,7.916033114332120313e+00,9.295707019843975516e+00,1.386258814421337426e+01,1.535171818394737286e+01,1.793571725302431830e+01,1.323499608576570630e+01,1.911438870336379381e+00,2.855966212307441410e-01,-1.706398994886816567e+00,-5.715182188320563128e+00,-6.160789577885346091e+00,-4.568752583937129685e+00,-4.249803482344583827e+00,-3.290761616418453883e+00,9.424213379623793685e-01,3.807505308943077704e+00,3.517704203540921171e-01,8.739055427495836526e-01,9.440961803342894143e+00,1.118824932603673616e+01,5.954717300585545381e+00,2.071204460263918801e+00,-1.124927137886289508e+00,1.433419457630682459e-01,1.028227211442060884e+01,1.744294517246775200e+01,1.347684761800068998e+01,8.629282850207445676e+00,6.734516293790536956e+00,2.914736078690530530e+00,2.604954449401275074e+00,4.586486316318358014e+00,3.806388058062429192e+00,7.668641254319202183e+00,1.062535556371959267e+01,1.309853384518252284e+01,1.551110465063021771e+01,1.183575379234665625e+01,1.627141959450135733e+00,-2.502541062978158593e+00,-1.607642885743548078e+00,-3.312395725558090476e+00,-1.781183052179123649e+00,-1.567934666270049071e+00,-4.755456708953493816e+00,-2.591712539021958861e+00,1.102690690369414028e+00,1.369052724147890032e+00,-1.107662253098357752e+00,1.902392990031490427e+00,4.426470326899416996e+00,3.659208410248515175e+00,4.064853201785673775e+00,2.852077265536978601e-01,-3.726627945715748069e-01,1.585681928140758146e+00,4.262586038749722306e+00,3.599062040825491415e+00,1.772222433285389531e+00,3.457388449961467103e-01,-4.192497239586923996e+00,2.549781851345675587e+00,9.119559858215179560e+00,7.452622731953036705e+00,3.006970591150967209e+00,-2.504442416166885010e+00,-5.512057180079066754e+00,-4.385173019145526041e+00,-3.144292884187564141e+00,4.003622119195248547e-02,-4.289243333707762673e+00,-1.098742047993438753e+01,-9.964539211678580699e+00,-6.559841860046201845e+00,-7.832632926959769648e+00,-7.086878234736333937e+00,-6.145733868564340341e+00,-4.467449259752534374e+00,-8.277978876515708961e+00,-9.074484100368831463e+00,-1.028820753028445267e+01,-1.304511043365522305e+01,-1.286932690814621161e+01,-6.630872135619480190e+00,-1.043424022438091292e+01,-1.343815004591547968e+01,-1.740481011362612307e+01,-1.799757134010695481e+01,-1.600362677514359078e+01,-1.825476002817478616e+01,-1.713920261928005218e+01,-1.755633322470520952e+01,-1.172038727554043724e+01,9.566715083462202784e-01,5.311430806114055159e+00,2.165886646766975954e+00,8.161738356530765515e-01,1.029797933370020679e+00,-5.294783892611858889e+00,2.856044657960508104e-01,2.181807730249236243e+00,9.602099623905449022e-01,-2.247097486096690133e+00,-3.671550007910456159e+00,-1.957104130128052510e+00,5.346293913732648839e+00,1.171606038101522529e+01,8.684166872671347903e+00,-4.238164217652427013e-01,8.600665537192973886e+00,1.606835211707175404e+01,1.669829156813996818e+01,6.788959621719238946e+00,3.731610247650758438e+00,8.223059720810061535e+00,1.572180291656623474e+01,2.699004083282089539e+01,2.072903075695199959e+01,1.134097760073626304e+01,8.020399156425138898e+00,9.272779324190327799e+00,7.465554077042196646e+00,4.883915795423138029e+00,5.432927584176370672e+00,7.678255735795315395e+00,7.833308468886162501e+00,1.114887194146404070e+01,1.345795291689055340e+01,1.036864361921706212e+01,9.950768700654695209e+00,9.802706207804661176e+00,7.705994276128612874e+00,1.205337324354186457e+01,1.330895425664152754e+01,1.368842927604022286e+01,1.089320300164437150e+01,1.013859533839458749e+01,8.875865468807075942e+00,6.893391358264739033e+00,1.329016285487827354e+01,1.975877192383936887e+01,2.591839190587036867e+01,2.037316469053566337e+01,1.377004728537033174e+01,1.833377053089700937e+01,2.152925527400529049e+01,1.484583429463683579e+01,8.166322691947472734e+00,1.293083029413221574e+01,1.694469418409052608e+01,7.980120394514205628e+00,5.379714383671218236e+00,1.289912353665506828e+01,1.812206713678771308e+01,1.393811375485622506e+01,8.626263468772169318e+00,1.234276305187361622e+01,1.720085935797586174e+01,1.306904116396186488e+01,7.093092060083590944e+00,5.957266358385528093e+00,1.208042506909517222e+01,1.382325507962701927e+01,9.537991879008382412e+00,6.820063913684951906e+00,1.045086732952766440e+01,6.975642768732815746e+00,9.197604469921316195e+00,9.715500594019971459e+00,9.009715575180360148e+00,1.047205602397709079e+01,8.238506202193049077e+00,8.895042934665221779e+00,9.119384873933810809e+00,5.908725162244167883e+00,9.269531853877577277e+00,1.501578101982274838e+01,1.385158785910763513e+01,1.988641858252432471e+01,1.367220412704392452e+01,4.754976112818241951e+00,5.490853422424424757e+00,1.400313846076381274e+01,2.112927304239056525e+01,2.482171373823286586e+01,3.216054169952133890e+01,2.639012679719056109e+01,1.963025431804399901e+01,1.267455236654085127e+01,6.686401486667854499e+00,1.695783413276316764e+00,6.139920173236361300e+00,1.885298032241106370e+01,2.690218189042548858e+01,2.937631634477101628e+01,2.987934475163697812e+01,3.176461650790762548e+01,3.176291437649212313e+01,2.569541137477393988e+01,2.254642460946432436e+01,2.918660588215911389e+01,2.434770674318240680e+01,1.638965375395746094e+01,2.129954911187883582e+01,2.553449237373212455e+01,1.949137912752753010e+01,1.061644361729612029e+01,8.414629670322886668e+00,1.737798813292396360e+01,2.336425779887425591e+01,2.759174394240142902e+01,3.104207715085303931e+01,3.465284361102347077e+01,3.092813226380314617e+01,2.439370631259986055e+01,1.539414807510950567e+01,2.235099206962386731e+01,1.904226222630539311e+01,1.736447582466345452e+01,1.551232260987507772e+01,1.360052036245813056e+01,1.254117723564849030e+01,1.365117597788619541e+01,1.508983711691778318e+01,1.777842012336209265e+01,1.665522735900543694e+01,1.551629452121022901e+01,7.119204054205392040e+00,3.745695048663044258e+00,6.980737820938188065e+00,-1.668600134687507230e+00,-2.064395561413769453e+00,7.085690102207171215e+00,5.606932230906144454e+00,5.537784441161159421e+00,6.498681958172205064e+00,1.357111129544371586e+01,1.156346382830696129e+01,2.150100370634360658e+00,8.745272130549425552e-03,1.127085236044679029e+00,2.232919946137439826e+00,1.207422635639909814e+00,4.769932287949925076e+00,6.245990216925694227e+00,4.302271105539599461e+00,5.660821053494539790e+00,3.331625530683154590e+00,1.139415114047596767e+01,1.443346049686716270e+01,5.253383748033009226e+00,4.391693178597448011e+00,7.827150688300932302e-02,-4.266801357804625994e-01,3.966641183614802557e+00,1.138597989382783560e+01,1.030300666774896889e+01,6.897474574826163440e+00,1.013556738722116357e+01,1.078290780441707497e+01,1.539338301713834234e+01,2.922944579459582926e+01,3.517797368174020534e+01,3.327446871487174462e+01,3.121809606657866709e+01,2.729978338985334929e+01,2.425711144117649454e+01,2.015202723752442182e+01,1.661340667215943867e+01,2.267557975765717515e+01,3.120091018397060978e+01,3.404306732898317733e+01,1.882988160568874392e+01,2.484268726790622495e+01,3.838538326545003798e+01,4.327139605085646679e+01,3.578299782842574928e+01,1.281202082252965013e+01,3.760742814890562169e+00,2.203833245186365808e+00,9.177079960043946216e-02,6.791834573231061434e+00,1.591228396482095953e+01,1.987907508853958305e+01,2.786314030097291905e+01,3.324914851153345552e+01,2.983112742926758543e+01,1.907174654967938565e+01,1.560826400813420278e+01,2.125532583551481736e+01,1.994577586467486796e+01,1.488223259931763920e+01,1.298376546568255030e+01,1.377659643439654324e+01,9.566591453731073003e+00,1.186330331451447684e+01,1.370928941531388823e+01,1.515404497627970670e+01,1.138629420617707844e+01,1.149398431949493649e+01,1.036370628553577511e+01,3.308933497531786116e+00,2.923504526386819791e+00,8.538362603809110940e-01,-1.608815497459078037e+00,-1.190211268380921394e+00,-8.972465867871272094e-01,-8.659971835336915946e-01,-1.173760971781752760e+00,1.936343583614383995e-02,1.165421422736193335e+01,2.268426830277010353e+01,2.529068552037299256e+01,2.397904244429484066e+01,1.087634415669304744e+01,1.625923272879186143e+01,2.196643635670593753e+01,1.943171956012380264e+01,1.140425892988195322e+01,1.689806316244729700e+01,2.576918732903165576e+01,2.298081435948664719e+01,1.092018314483322783e+01,1.320406564768390822e+01,1.679278013050640794e+01,1.555334202414246292e+01,9.620797466538668630e+00,9.564694181242689552e+00,1.667679574344161253e+01,1.720111451743713005e+01,1.369160770581069997e+01,1.003924689629216438e+01,1.432993330613259886e+01,1.042401466551310918e+01,4.912580676805800906e+00,3.285185556230581394e+00,3.599729569007553920e+00,6.884528546838590835e+00,8.961392431038289530e+00,9.671686674350524981e+00,1.115980512049737072e+01,1.599484755582652973e+01,1.478375087285182587e+01,1.469336692423179258e+01,1.257975083543591666e+01,2.963666334066240360e+00,1.265405035534150180e+00,1.898648422406816305e+00,1.623895628368140276e+00,5.347243404621854879e+00,9.997041471192465778e+00,9.660584784870286157e+00,1.204536445447765658e+01,1.501053797126210476e+01,1.336489200699739399e+01,1.031758524807586141e+01,8.040236830585598682e+00,5.499310394721509176e+00,5.551330116073319054e+00,6.753765803922529010e+00,5.393939673588223904e+00,1.171336766557533160e+01,8.912346502454235875e+00,7.192460467131303936e+00,5.555599793950470655e+00,1.177303516756887625e+01,1.749696351723284948e+01,2.246752590342056166e+01,2.268905517880453715e+01,2.176094274915638849e+01,2.569712905593537045e+01,2.280583545202985363e+01,2.537209173891716674e+01,2.625616436876949322e+01,2.954335809262274282e+01,2.971165342671997323e+01,2.554239442424114515e+01,2.109964332465338543e+01,2.225166860553149917e+01,2.446471169595486828e+01,2.166590420523826666e+01,1.821304450973319788e+01,1.260170990646555111e+01,1.433447883823090052e+01,1.342807907711506132e+01,1.865967514304643515e+01,2.290093104572364169e+01,1.994391124950342231e+01,1.701411804765375280e+01,1.619160714884402452e+01,7.965063625087728916e+00,1.420120170045900743e+00,5.587080418732118581e+00,5.338457906393063723e+00,6.743504074506907919e+00,3.851366998456606350e+00,1.598422533508881749e+00,6.142098819771301343e+00,8.309199885092040105e+00,8.792916036307961036e+00,5.998028778065382483e+00,4.074113862358717419e+00,3.073631024535423695e+00,3.373627611297880247e+00,2.583247500585769352e+00,1.645800966478399463e+00,3.990759029192363361e+00,8.690092447717336910e-01,-1.434830930892796452e+00,8.131191045106708204e-01,8.882095031494541715e+00,6.714950554321199583e+00,-1.735227007768673113e+00,-1.829860004663816264e+00,4.464582503964977356e+00,1.120604724378569017e+01,6.549634454607354606e+00,7.102746850283589097e+00,1.166623866895912265e+01,7.585024523792522899e+00,2.273420462731964964e+00,-2.847396198483767016e+00,1.718465245806543473e+00,2.270721909173301967e+00,5.526643687626090262e+00,5.216615727997145235e+00,3.753654425740981182e+00,6.083622517137456942e-01,8.140708358925968779e-01,2.793771999964646646e+00,7.022574888766163426e+00,7.483243004356043393e+00,4.838395059132281517e+00,2.771980060085137865e+00,-9.739245524678406818e-02,2.335601695256319221e+00,1.460746591075536838e+00,2.514615508386289111e+00,3.064156302314455793e+00,3.297550224271425190e+00,1.228833148722809909e+00,-1.921834917193672609e+00,-6.076895608559567563e+00,-3.379380442615758540e+00,-2.227381769891483287e-01,9.767694783028764149e-01,-7.162082433730050823e+00,-1.208783914986145724e+01,-7.732076402720892361e+00,-4.270457185821010526e+00,-1.269762452135134900e+01,-9.362535792079668795e+00,-7.272103507822389901e+00,-1.366297504687767628e+01,-1.667980146176155287e+01,-1.518771777987215721e+01,-1.385704167870939330e+01,-1.155408882557111383e+01,-6.166505069173410902e+00,-5.141698149648831873e+00,-7.386692390308702727e+00,-4.052883357419628574e+00,1.521146407425568059e+00,-3.057762280998839621e+00,-3.688590815333413708e+00,1.010821979733918852e+01,2.976721603575638397e+01,3.221719274233156938e+01,2.350947158296477113e+01,2.334300351031005505e+01,2.143472852130024009e+01,1.209463821161625852e+01,-1.363386899756950481e-02,1.540046130418343484e+00,9.194648390394747350e-01,-6.042119870856787145e+00,-6.785523804154950156e+00,9.991570926745287906e-01,1.759952512778953648e-01,1.705675105994048701e+00,4.519835559007325809e-01,-3.228170101325800179e+00,-9.481583629506692423e-01,-9.591651532678612257e-01,-1.001600946259147751e+00,-2.360785087798003834e-01,2.453404429354763827e-01,-3.007658165650956672e+00,-9.581905896819891133e-01,1.706321997295053183e+00,-4.361238157313247044e+00,-9.088821012406985034e+00,-7.394835559628472055e+00,-9.421284874918933738e+00,-9.809197901521557128e+00,-9.198193887343295572e+00,-5.686034200316274045e+00,-4.492889163687840970e+00,-4.794706580524795925e+00,-3.816006721222694686e+00,-4.753961663854313180e+00,1.386663877874502626e+00,8.949040830663061996e+00,1.289419377098311159e+01,1.132009709794066055e+01,3.821724469946773617e+00,1.083076789714575483e+01,1.408191232699589079e+01,1.377937977201556485e+01
